#            iprt         eigenv.           conv.
         1.000000       -3.038067        0.000000
         2.000000       -1.535241        1.000000
         3.000000       -1.514133        1.000000
         4.000000       -1.514132        1.000000
         5.000000       -1.112793        0.000000
         6.000000       -0.856211        0.000000
         7.000000       -0.856210        0.000000
         8.000000       -0.739795        0.000000
         9.000000       -0.602631        1.000000
        10.000000       -0.602630        1.000000
        11.000000       -0.485174        0.000000
        12.000000       -0.448450        1.000000
        13.000000       -0.448449        0.000000
        14.000000       -0.390645        1.000000
        15.000000       -0.390639        1.000000
        16.000000       -0.377226        1.000000
        17.000000       -0.377225        1.000000
        18.000000       -0.337059        0.000000
        19.000000       -0.316654        1.000000
        20.000000       -0.316653        1.000000
        21.000000       -0.303563        1.000000
        22.000000       -0.303562        1.000000
        23.000000       -0.266034        1.000000
        24.000000       -0.266033        1.000000
        25.000000       -0.265120        1.000000
        26.000000       -0.257159        0.000000
        27.000000       -0.231323        1.000000
        28.000000       -0.231323        1.000000
        29.000000       -0.208959        1.000000
        30.000000       -0.208959        1.000000
        31.000000       -0.199068        0.000000
        32.000000       -0.170352        1.000000
        33.000000       -0.170295        1.000000
        34.000000       -0.168436        0.000000
        35.000000       -0.155803        0.000000
        36.000000       -0.140629        1.000000
        37.000000       -0.140629        1.000000
        38.000000       -0.137742        1.000000
        39.000000       -0.137742        1.000000
        40.000000       -0.134759        1.000000
        41.000000       -0.134759        1.000000
        42.000000       -0.132107        1.000000
        43.000000       -0.132105        1.000000
        44.000000       -0.123747        1.000000
        45.000000       -0.123747        1.000000
        46.000000       -0.119902        0.000000
        47.000000       -0.104092        1.000000
        48.000000       -0.104092        1.000000
        49.000000       -0.103442        0.000000
        50.000000       -0.097062        0.000000
        51.000000       -0.095935        1.000000
        52.000000       -0.095935        0.000000
        53.000000       -0.088197        1.000000
        54.000000       -0.088197        1.000000
        55.000000       -0.082298        1.000000
        56.000000       -0.082298        1.000000
        57.000000       -0.079022        1.000000
        58.000000       -0.079022        1.000000
        59.000000       -0.077314        0.000000
        60.000000       -0.075857        1.000000
        61.000000       -0.075857        1.000000
        62.000000       -0.069890        1.000000
        63.000000       -0.069890        1.000000
        64.000000       -0.065910        1.000000
        65.000000       -0.065910        1.000000
        66.000000       -0.063958        1.000000
        67.000000       -0.063958        1.000000
        68.000000       -0.063546        0.000000
        69.000000       -0.062099        0.000000
        70.000000       -0.053665        0.000000
        71.000000       -0.051277        1.000000
        72.000000       -0.051277        0.000000
        73.000000       -0.050386        1.000000
        74.000000       -0.050386        0.000000
        75.000000       -0.049714        1.000000
        76.000000       -0.049704        1.000000
        77.000000       -0.049157        1.000000
        78.000000       -0.049157        1.000000
        79.000000       -0.048157        1.000000
        80.000000       -0.047445        1.000000
        81.000000       -0.047445        1.000000
        82.000000       -0.047135        1.000000
        83.000000       -0.047120        1.000000
        84.000000       -0.046223        1.000000
        85.000000       -0.046223        1.000000
        86.000000       -0.045019        1.000000
        87.000000       -0.043056        1.000000
        88.000000       -0.043056        1.000000
        89.000000       -0.041803        1.000000
        90.000000       -0.041802        1.000000
        91.000000       -0.040154        1.000000
        92.000000       -0.040154        1.000000
        93.000000       -0.040006        1.000000
        94.000000       -0.040006        1.000000
        95.000000       -0.038206        0.000000
        96.000000       -0.036970        1.000000
        97.000000       -0.036970        1.000000
        98.000000       -0.036369        1.000000
        99.000000       -0.036369        1.000000
       100.000000       -0.035606        1.000000
       101.000000       -0.035605        0.000000
       102.000000       -0.035049        1.000000
       103.000000       -0.035049        1.000000
       104.000000       -0.034829        0.000000
       105.000000       -0.034368        0.000000
       106.000000       -0.033514        1.000000
       107.000000       -0.033514        0.000000
       108.000000       -0.031844        1.000000
       109.000000       -0.031844        0.000000
       110.000000       -0.031395        1.000000
       111.000000       -0.031395        0.000000
       112.000000       -0.031194        0.000000
       113.000000       -0.031194        0.000000
       114.000000       -0.028207        1.000000
       115.000000       -0.028207        1.000000
       116.000000       -0.028142        1.000000
       117.000000       -0.028113        0.000000
       118.000000       -0.028113        0.000000
       119.000000       -0.027045        0.000000
       120.000000       -0.026658        0.000000
       121.000000       -0.026658        0.000000
       122.000000       -0.025672        0.000000
       123.000000       -0.024004        1.000000
       124.000000       -0.024003        1.000000
       125.000000       -0.023683        1.000000
       126.000000       -0.023682        1.000000
       127.000000       -0.023571        1.000000
       128.000000       -0.023570        1.000000
       129.000000       -0.023407        0.000000
       130.000000       -0.023407        0.000000
       131.000000       -0.023348        0.000000
       132.000000       -0.022796        1.000000
       133.000000       -0.022796        1.000000
       134.000000       -0.022742        1.000000
       135.000000       -0.022741        0.000000
       136.000000       -0.022555        0.000000
       137.000000       -0.022555        0.000000
       138.000000       -0.022141        0.000000
       139.000000       -0.021745        1.000000
       140.000000       -0.021744        0.000000
       141.000000       -0.021668        0.000000
       142.000000       -0.021667        0.000000
       143.000000       -0.021592        0.000000
       144.000000       -0.021592        0.000000
       145.000000       -0.021125        1.000000
       146.000000       -0.021125        1.000000
       147.000000       -0.021029        0.000000
       148.000000       -0.020852        0.000000
       149.000000       -0.020852        0.000000
       150.000000       -0.020102        0.000000
       151.000000       -0.020091        0.000000
       152.000000       -0.019646        1.000000
       153.000000       -0.019645        0.000000
       154.000000       -0.019287        1.000000
       155.000000       -0.019282        0.000000
       156.000000       -0.019045        1.000000
       157.000000       -0.019045        0.000000
       158.000000       -0.018747        0.000000
       159.000000       -0.018745        0.000000
       160.000000       -0.018535        0.000000
       161.000000       -0.018534        0.000000
       162.000000       -0.018288        0.000000
       163.000000       -0.018154        0.000000
       164.000000       -0.018154        0.000000
       165.000000       -0.017947        0.000000
       166.000000       -0.017404        0.000000
       167.000000       -0.017404        0.000000
       168.000000       -0.017101        0.000000
       169.000000       -0.017099        0.000000
       170.000000       -0.016809        0.000000
       171.000000       -0.016808        0.000000
       172.000000       -0.016628        0.000000
       173.000000       -0.016374        0.000000
       174.000000       -0.016374        0.000000
       175.000000       -0.015957        0.000000
       176.000000       -0.015954        0.000000
       177.000000       -0.015719        0.000000
       178.000000       -0.015718        0.000000
       179.000000       -0.015613        0.000000
       180.000000       -0.015611        0.000000
       181.000000       -0.015193        0.000000
       182.000000       -0.015190        0.000000
       183.000000       -0.014861        0.000000
       184.000000       -0.014778        0.000000
       185.000000       -0.014775        0.000000
       186.000000       -0.014638        0.000000
       187.000000       -0.014636        0.000000
       188.000000       -0.014631        0.000000
       189.000000       -0.013999        0.000000
       190.000000       -0.013995        0.000000
       191.000000       -0.013717        0.000000
       192.000000       -0.013716        0.000000
       193.000000       -0.013639        0.000000
       194.000000       -0.013323        0.000000
       195.000000       -0.013319        0.000000
       196.000000       -0.013036        0.000000
       197.000000       -0.013021        0.000000
       198.000000       -0.013019        0.000000
       199.000000       -0.012932        0.000000
       200.000000       -0.012930        0.000000
       201.000000       -0.012853        0.000000
       202.000000       -0.012852        0.000000
       203.000000       -0.012692        0.000000
       204.000000       -0.012691        0.000000
       205.000000       -0.012333        0.000000
       206.000000       -0.012331        0.000000
       207.000000       -0.012326        0.000000
       208.000000       -0.012322        0.000000
       209.000000       -0.012256        0.000000
       210.000000       -0.012251        0.000000
       211.000000       -0.012030        0.000000
       212.000000       -0.012027        0.000000
       213.000000       -0.011817        0.000000
       214.000000       -0.011669        0.000000
       215.000000       -0.011666        0.000000
       216.000000       -0.011663        0.000000
       217.000000       -0.011662        0.000000
       218.000000       -0.011311        0.000000
       219.000000       -0.011309        0.000000
       220.000000       -0.011284        0.000000
       221.000000       -0.011280        0.000000
       222.000000       -0.011251        0.000000
       223.000000       -0.011170        0.000000
       224.000000       -0.011165        0.000000
       225.000000       -0.011144        0.000000
       226.000000       -0.011141        0.000000
       227.000000       -0.011137        0.000000
       228.000000       -0.011132        0.000000
       229.000000       -0.011112        0.000000
       230.000000       -0.011105        0.000000
       231.000000       -0.010789        0.000000
       232.000000       -0.010689        0.000000
       233.000000       -0.010687        0.000000
       234.000000       -0.010669        0.000000
       235.000000       -0.010666        0.000000
       236.000000       -0.010365        0.000000
       237.000000       -0.010360        0.000000
       238.000000       -0.010310        0.000000
       239.000000       -0.010303        0.000000
       240.000000       -0.010142        0.000000
       241.000000       -0.010047        0.000000
       242.000000       -0.010045        0.000000
       243.000000       -0.009959        0.000000
       244.000000       -0.009924        0.000000
       245.000000       -0.009921        0.000000
       246.000000       -0.009893        0.000000
       247.000000       -0.009887        0.000000
       248.000000       -0.009860        0.000000
       249.000000       -0.009856        0.000000
       250.000000       -0.009737        0.000000
       251.000000       -0.009728        0.000000
       252.000000       -0.009674        0.000000
       253.000000       -0.009619        0.000000
       254.000000       -0.009604        0.000000
       255.000000       -0.009577        0.000000
       256.000000       -0.009574        0.000000
       257.000000       -0.009411        0.000000
       258.000000       -0.009401        0.000000
       259.000000       -0.009239        0.000000
       260.000000       -0.009237        0.000000
       261.000000       -0.009182        0.000000
       262.000000       -0.009177        0.000000
       263.000000       -0.009129        0.000000
       264.000000       -0.009116        0.000000
       265.000000       -0.008872        0.000000
       266.000000       -0.008593        0.000000
       267.000000       -0.008574        0.000000
       268.000000       -0.008467        0.000000
       269.000000       -0.008461        0.000000
       270.000000       -0.008452        0.000000
       271.000000       -0.008445        0.000000
       272.000000       -0.008393        0.000000
       273.000000       -0.008391        0.000000
       274.000000       -0.008176        0.000000
       275.000000       -0.008117        0.000000
       276.000000       -0.008103        0.000000
       277.000000       -0.008067        0.000000
       278.000000       -0.008050        0.000000
       279.000000       -0.008037        0.000000
       280.000000       -0.008030        0.000000
       281.000000       -0.007979        0.000000
       282.000000       -0.007967        0.000000
       283.000000       -0.007750        0.000000
       284.000000       -0.007740        0.000000
       285.000000       -0.007696        0.000000
       286.000000       -0.007664        0.000000
       287.000000       -0.007649        0.000000
       288.000000       -0.007636        0.000000
       289.000000       -0.007623        0.000000
       290.000000       -0.007520        0.000000
       291.000000       -0.007512        0.000000
       292.000000       -0.007428        0.000000
       293.000000       -0.007416        0.000000
       294.000000       -0.007399        0.000000
       295.000000       -0.007387        0.000000
       296.000000       -0.007385        0.000000
       297.000000       -0.007375        0.000000
       298.000000       -0.007364        0.000000
       299.000000       -0.007275        0.000000
       300.000000       -0.007271        0.000000
       301.000000       -0.007086        0.000000
       302.000000       -0.007080        0.000000
       303.000000       -0.007065        0.000000
       304.000000       -0.007059        0.000000
       305.000000       -0.007054        0.000000
       306.000000       -0.007042        0.000000
       307.000000       -0.007017        0.000000
       308.000000       -0.006935        0.000000
       309.000000       -0.006931        0.000000
       310.000000       -0.006892        0.000000
       311.000000       -0.006884        0.000000
       312.000000       -0.006809        0.000000
       313.000000       -0.006803        0.000000
       314.000000       -0.006790        0.000000
       315.000000       -0.006773        0.000000
       316.000000       -0.006717        0.000000
       317.000000       -0.006645        0.000000
       318.000000       -0.006641        0.000000
       319.000000       -0.006574        0.000000
       320.000000       -0.006571        0.000000
       321.000000       -0.006498        0.000000
       322.000000       -0.006465        0.000000
       323.000000       -0.006445        0.000000
       324.000000       -0.006394        0.000000
       325.000000       -0.006384        0.000000
       326.000000       -0.006371        0.000000
       327.000000       -0.006354        0.000000
       328.000000       -0.006339        0.000000
       329.000000       -0.006328        0.000000
       330.000000       -0.006321        0.000000
       331.000000       -0.006301        0.000000
       332.000000       -0.006291        0.000000
       333.000000       -0.006269        0.000000
       334.000000       -0.006217        0.000000
       335.000000       -0.006204        0.000000
       336.000000       -0.006169        0.000000
       337.000000       -0.006158        0.000000
       338.000000       -0.006139        0.000000
       339.000000       -0.006132        0.000000
       340.000000       -0.006125        0.000000
       341.000000       -0.006099        0.000000
       342.000000       -0.006091        0.000000
       343.000000       -0.006060        0.000000
       344.000000       -0.006046        0.000000
       345.000000       -0.005981        0.000000
       346.000000       -0.005976        0.000000
       347.000000       -0.005948        0.000000
       348.000000       -0.005933        0.000000
       349.000000       -0.005853        0.000000
       350.000000       -0.005831        0.000000
       351.000000       -0.005798        0.000000
       352.000000       -0.005745        0.000000
       353.000000       -0.005722        0.000000
       354.000000       -0.005709        0.000000
       355.000000       -0.005676        0.000000
       356.000000       -0.005667        0.000000
       357.000000       -0.005641        0.000000
       358.000000       -0.005632        0.000000
       359.000000       -0.005569        0.000000
       360.000000       -0.005558        0.000000
       361.000000       -0.005509        0.000000
       362.000000       -0.005488        0.000000
       363.000000       -0.005452        0.000000
       364.000000       -0.005448        0.000000
       365.000000       -0.005384        0.000000
       366.000000       -0.005320        0.000000
       367.000000       -0.005285        0.000000
       368.000000       -0.005257        0.000000
       369.000000       -0.005248        0.000000
       370.000000       -0.005236        0.000000
       371.000000       -0.005208        0.000000
       372.000000       -0.005203        0.000000
       373.000000       -0.005177        0.000000
       374.000000       -0.005169        0.000000
       375.000000       -0.005140        0.000000
       376.000000       -0.005132        0.000000
       377.000000       -0.005092        0.000000
       378.000000       -0.005079        0.000000
       379.000000       -0.005063        0.000000
       380.000000       -0.005060        0.000000
       381.000000       -0.005045        0.000000
       382.000000       -0.005020        0.000000
       383.000000       -0.005000        0.000000
       384.000000       -0.004996        0.000000
       385.000000       -0.004960        0.000000
       386.000000       -0.004928        0.000000
       387.000000       -0.004910        0.000000
       388.000000       -0.004855        0.000000
       389.000000       -0.004840        0.000000
       390.000000       -0.004833        0.000000
       391.000000       -0.004804        0.000000
       392.000000       -0.004786        0.000000
       393.000000       -0.004777        0.000000
       394.000000       -0.004755        0.000000
       395.000000       -0.004733        0.000000
       396.000000       -0.004722        0.000000
       397.000000       -0.004706        0.000000
       398.000000       -0.004690        0.000000
       399.000000       -0.004661        0.000000
       400.000000       -0.004651        0.000000
       401.000000       -0.004647        0.000000
       402.000000       -0.004602        0.000000
       403.000000       -0.004578        0.000000
       404.000000       -0.004571        0.000000
       405.000000       -0.004555        0.000000
       406.000000       -0.004549        0.000000
       407.000000       -0.004541        0.000000
       408.000000       -0.004530        0.000000
       409.000000       -0.004497        0.000000
       410.000000       -0.004489        0.000000
       411.000000       -0.004469        0.000000
       412.000000       -0.004441        0.000000
       413.000000       -0.004413        0.000000
       414.000000       -0.004399        0.000000
       415.000000       -0.004382        0.000000
       416.000000       -0.004371        0.000000
       417.000000       -0.004330        0.000000
       418.000000       -0.004314        0.000000
       419.000000       -0.004311        0.000000
       420.000000       -0.004293        0.000000
       421.000000       -0.004282        0.000000
       422.000000       -0.004270        0.000000
       423.000000       -0.004259        0.000000
       424.000000       -0.004247        0.000000
       425.000000       -0.004236        0.000000
       426.000000       -0.004213        0.000000
       427.000000       -0.004211        0.000000
       428.000000       -0.004174        0.000000
       429.000000       -0.004143        0.000000
       430.000000       -0.004127        0.000000
       431.000000       -0.004074        0.000000
       432.000000       -0.004028        0.000000
       433.000000       -0.004008        0.000000
       434.000000       -0.004004        0.000000
       435.000000       -0.003993        0.000000
       436.000000       -0.003963        0.000000
       437.000000       -0.003959        0.000000
       438.000000       -0.003954        0.000000
       439.000000       -0.003934        0.000000
       440.000000       -0.003919        0.000000
       441.000000       -0.003911        0.000000
       442.000000       -0.003894        0.000000
       443.000000       -0.003885        0.000000
       444.000000       -0.003876        0.000000
       445.000000       -0.003869        0.000000
       446.000000       -0.003848        0.000000
       447.000000       -0.003841        0.000000
       448.000000       -0.003801        0.000000
       449.000000       -0.003762        0.000000
       450.000000       -0.003754        0.000000
       451.000000       -0.003746        0.000000
       452.000000       -0.003732        0.000000
       453.000000       -0.003719        0.000000
       454.000000       -0.003705        0.000000
       455.000000       -0.003685        0.000000
       456.000000       -0.003676        0.000000
       457.000000       -0.003666        0.000000
       458.000000       -0.003655        0.000000
       459.000000       -0.003634        0.000000
       460.000000       -0.003627        0.000000
       461.000000       -0.003621        0.000000
       462.000000       -0.003579        0.000000
       463.000000       -0.003577        0.000000
       464.000000       -0.003561        0.000000
       465.000000       -0.003541        0.000000
       466.000000       -0.003530        0.000000
       467.000000       -0.003517        0.000000
       468.000000       -0.003492        0.000000
       469.000000       -0.003478        0.000000
       470.000000       -0.003468        0.000000
       471.000000       -0.003458        0.000000
       472.000000       -0.003440        0.000000
       473.000000       -0.003429        0.000000
       474.000000       -0.003415        0.000000
       475.000000       -0.003397        0.000000
       476.000000       -0.003390        0.000000
       477.000000       -0.003379        0.000000
       478.000000       -0.003358        0.000000
       479.000000       -0.003346        0.000000
       480.000000       -0.003328        0.000000
       481.000000       -0.003326        0.000000
       482.000000       -0.003317        0.000000
       483.000000       -0.003301        0.000000
       484.000000       -0.003278        0.000000
       485.000000       -0.003260        0.000000
       486.000000       -0.003256        0.000000
       487.000000       -0.003236        0.000000
       488.000000       -0.003232        0.000000
       489.000000       -0.003225        0.000000
       490.000000       -0.003214        0.000000
       491.000000       -0.003205        0.000000
       492.000000       -0.003199        0.000000
       493.000000       -0.003189        0.000000
       494.000000       -0.003176        0.000000
       495.000000       -0.003169        0.000000
       496.000000       -0.003155        0.000000
       497.000000       -0.003148        0.000000
       498.000000       -0.003126        0.000000
       499.000000       -0.003115        0.000000
       500.000000       -0.003107        0.000000
