#            iprt         eigenv.           conv.
         1.000000       -3.038067        1.000000
         2.000000       -1.535241        1.000000
         3.000000       -1.514133        1.000000
         4.000000       -1.514132        1.000000
         5.000000       -1.112793        1.000000
         6.000000       -0.856211        1.000000
         7.000000       -0.856210        1.000000
         8.000000       -0.739795        1.000000
         9.000000       -0.602631        1.000000
        10.000000       -0.602630        1.000000
        11.000000       -0.485174        1.000000
        12.000000       -0.448450        1.000000
        13.000000       -0.448449        1.000000
        14.000000       -0.390645        1.000000
        15.000000       -0.390639        1.000000
        16.000000       -0.377226        1.000000
        17.000000       -0.377225        1.000000
        18.000000       -0.337059        1.000000
        19.000000       -0.316654        1.000000
        20.000000       -0.316653        1.000000
        21.000000       -0.303563        1.000000
        22.000000       -0.303562        1.000000
        23.000000       -0.266034        1.000000
        24.000000       -0.266033        1.000000
        25.000000       -0.265120        1.000000
        26.000000       -0.257159        1.000000
        27.000000       -0.231323        1.000000
        28.000000       -0.231323        1.000000
        29.000000       -0.208959        1.000000
        30.000000       -0.208959        1.000000
        31.000000       -0.199068        1.000000
        32.000000       -0.170352        1.000000
        33.000000       -0.170295        1.000000
        34.000000       -0.168436        1.000000
        35.000000       -0.155803        1.000000
        36.000000       -0.140629        1.000000
        37.000000       -0.140629        1.000000
        38.000000       -0.137742        1.000000
        39.000000       -0.137742        1.000000
        40.000000       -0.134760        1.000000
        41.000000       -0.134759        1.000000
        42.000000       -0.132107        1.000000
        43.000000       -0.132105        1.000000
        44.000000       -0.123747        1.000000
        45.000000       -0.123747        1.000000
        46.000000       -0.119903        1.000000
        47.000000       -0.104092        1.000000
        48.000000       -0.104092        1.000000
        49.000000       -0.103442        1.000000
        50.000000       -0.097062        1.000000
        51.000000       -0.095935        1.000000
        52.000000       -0.095935        1.000000
        53.000000       -0.088197        1.000000
        54.000000       -0.088197        1.000000
        55.000000       -0.082299        1.000000
        56.000000       -0.082298        1.000000
        57.000000       -0.079022        1.000000
        58.000000       -0.079022        1.000000
        59.000000       -0.077314        1.000000
        60.000000       -0.075857        1.000000
        61.000000       -0.075857        1.000000
        62.000000       -0.069890        1.000000
        63.000000       -0.069890        1.000000
        64.000000       -0.065910        1.000000
        65.000000       -0.065910        1.000000
        66.000000       -0.063958        1.000000
        67.000000       -0.063958        1.000000
        68.000000       -0.063547        1.000000
        69.000000       -0.062099        1.000000
        70.000000       -0.053665        1.000000
        71.000000       -0.051277        1.000000
        72.000000       -0.051277        1.000000
        73.000000       -0.050386        1.000000
        74.000000       -0.050386        1.000000
        75.000000       -0.049714        1.000000
        76.000000       -0.049704        1.000000
        77.000000       -0.049157        1.000000
        78.000000       -0.049157        1.000000
        79.000000       -0.048157        1.000000
        80.000000       -0.047445        1.000000
        81.000000       -0.047445        1.000000
        82.000000       -0.047135        1.000000
        83.000000       -0.047120        1.000000
        84.000000       -0.046224        1.000000
        85.000000       -0.046224        1.000000
        86.000000       -0.045019        1.000000
        87.000000       -0.043056        1.000000
        88.000000       -0.043056        1.000000
        89.000000       -0.041804        1.000000
        90.000000       -0.041802        1.000000
        91.000000       -0.040155        1.000000
        92.000000       -0.040154        1.000000
        93.000000       -0.040006        1.000000
        94.000000       -0.040006        1.000000
        95.000000       -0.038206        1.000000
        96.000000       -0.036971        1.000000
        97.000000       -0.036970        1.000000
        98.000000       -0.036370        1.000000
        99.000000       -0.036370        1.000000
       100.000000       -0.035607        1.000000
       101.000000       -0.035606        1.000000
       102.000000       -0.035049        1.000000
       103.000000       -0.035049        1.000000
       104.000000       -0.034830        1.000000
       105.000000       -0.034368        1.000000
       106.000000       -0.033515        1.000000
       107.000000       -0.033515        1.000000
       108.000000       -0.031845        1.000000
       109.000000       -0.031845        1.000000
       110.000000       -0.031396        1.000000
       111.000000       -0.031396        1.000000
       112.000000       -0.031195        1.000000
       113.000000       -0.031195        1.000000
       114.000000       -0.028208        1.000000
       115.000000       -0.028208        1.000000
       116.000000       -0.028143        1.000000
       117.000000       -0.028114        1.000000
       118.000000       -0.028114        1.000000
       119.000000       -0.027048        1.000000
       120.000000       -0.026659        1.000000
       121.000000       -0.026659        1.000000
       122.000000       -0.025674        1.000000
       123.000000       -0.024005        1.000000
       124.000000       -0.024004        1.000000
       125.000000       -0.023684        1.000000
       126.000000       -0.023684        1.000000
       127.000000       -0.023572        1.000000
       128.000000       -0.023572        1.000000
       129.000000       -0.023409        1.000000
       130.000000       -0.023409        1.000000
       131.000000       -0.023351        1.000000
       132.000000       -0.022798        1.000000
       133.000000       -0.022798        1.000000
       134.000000       -0.022743        1.000000
       135.000000       -0.022743        1.000000
       136.000000       -0.022556        1.000000
       137.000000       -0.022556        1.000000
       138.000000       -0.022144        1.000000
       139.000000       -0.021746        1.000000
       140.000000       -0.021746        1.000000
       141.000000       -0.021670        1.000000
       142.000000       -0.021670        1.000000
       143.000000       -0.021595        1.000000
       144.000000       -0.021594        1.000000
       145.000000       -0.021126        1.000000
       146.000000       -0.021126        1.000000
       147.000000       -0.021032        1.000000
       148.000000       -0.020855        1.000000
       149.000000       -0.020855        1.000000
       150.000000       -0.020104        1.000000
       151.000000       -0.020094        1.000000
       152.000000       -0.019648        1.000000
       153.000000       -0.019648        1.000000
       154.000000       -0.019290        1.000000
       155.000000       -0.019285        1.000000
       156.000000       -0.019048        1.000000
       157.000000       -0.019048        1.000000
       158.000000       -0.018750        1.000000
       159.000000       -0.018750        1.000000
       160.000000       -0.018538        1.000000
       161.000000       -0.018538        1.000000
       162.000000       -0.018293        1.000000
       163.000000       -0.018157        1.000000
       164.000000       -0.018157        1.000000
       165.000000       -0.017953        1.000000
       166.000000       -0.017408        1.000000
       167.000000       -0.017408        1.000000
       168.000000       -0.017106        1.000000
       169.000000       -0.017106        1.000000
       170.000000       -0.016813        1.000000
       171.000000       -0.016813        1.000000
       172.000000       -0.016635        1.000000
       173.000000       -0.016381        1.000000
       174.000000       -0.016380        1.000000
       175.000000       -0.015962        1.000000
       176.000000       -0.015962        1.000000
       177.000000       -0.015724        1.000000
       178.000000       -0.015724        1.000000
       179.000000       -0.015620        1.000000
       180.000000       -0.015620        1.000000
       181.000000       -0.015198        1.000000
       182.000000       -0.015198        1.000000
       183.000000       -0.014871        1.000000
       184.000000       -0.014788        1.000000
       185.000000       -0.014788        1.000000
       186.000000       -0.014649        1.000000
       187.000000       -0.014645        1.000000
       188.000000       -0.014643        1.000000
       189.000000       -0.014009        1.000000
       190.000000       -0.014009        1.000000
       191.000000       -0.013725        1.000000
       192.000000       -0.013725        1.000000
       193.000000       -0.013654        1.000000
       194.000000       -0.013333        1.000000
       195.000000       -0.013333        1.000000
       196.000000       -0.013049        1.000000
       197.000000       -0.013026        1.000000
       198.000000       -0.013026        1.000000
       199.000000       -0.012938        1.000000
       200.000000       -0.012938        1.000000
       201.000000       -0.012863        1.000000
       202.000000       -0.012863        1.000000
       203.000000       -0.012699        1.000000
       204.000000       -0.012699        1.000000
       205.000000       -0.012339        1.000000
       206.000000       -0.012339        1.000000
       207.000000       -0.012337        1.000000
       208.000000       -0.012337        1.000000
       209.000000       -0.012264        1.000000
       210.000000       -0.012263        1.000000
       211.000000       -0.012043        1.000000
       212.000000       -0.012043        1.000000
       213.000000       -0.011836        1.000000
       214.000000       -0.011683        1.000000
       215.000000       -0.011683        1.000000
       216.000000       -0.011679        1.000000
       217.000000       -0.011679        1.000000
       218.000000       -0.011325        1.000000
       219.000000       -0.011325        1.000000
       220.000000       -0.011296        1.000000
       221.000000       -0.011296        1.000000
       222.000000       -0.011275        1.000000
       223.000000       -0.011182        1.000000
       224.000000       -0.011182        1.000000
       225.000000       -0.011160        1.000000
       226.000000       -0.011160        1.000000
       227.000000       -0.011155        1.000000
       228.000000       -0.011155        1.000000
       229.000000       -0.011133        1.000000
       230.000000       -0.011132        1.000000
       231.000000       -0.010809        1.000000
       232.000000       -0.010703        1.000000
       233.000000       -0.010703        1.000000
       234.000000       -0.010687        1.000000
       235.000000       -0.010687        1.000000
       236.000000       -0.010380        1.000000
       237.000000       -0.010380        1.000000
       238.000000       -0.010332        1.000000
       239.000000       -0.010332        1.000000
       240.000000       -0.010163        1.000000
       241.000000       -0.010067        1.000000
       242.000000       -0.010066        1.000000
       243.000000       -0.009989        1.000000
       244.000000       -0.009943        1.000000
       245.000000       -0.009943        1.000000
       246.000000       -0.009916        1.000000
       247.000000       -0.009916        1.000000
       248.000000       -0.009885        1.000000
       249.000000       -0.009885        1.000000
       250.000000       -0.009756        1.000000
       251.000000       -0.009756        1.000000
       252.000000       -0.009711        1.000000
       253.000000       -0.009636        1.000000
       254.000000       -0.009629        1.000000
       255.000000       -0.009605        1.000000
       256.000000       -0.009605        1.000000
       257.000000       -0.009437        1.000000
       258.000000       -0.009437        1.000000
       259.000000       -0.009269        1.000000
       260.000000       -0.009269        1.000000
       261.000000       -0.009217        1.000000
       262.000000       -0.009217        1.000000
       263.000000       -0.009162        1.000000
       264.000000       -0.009161        1.000000
       265.000000       -0.008919        1.000000
       266.000000       -0.008636        1.000000
       267.000000       -0.008636        1.000000
       268.000000       -0.008506        1.000000
       269.000000       -0.008506        1.000000
       270.000000       -0.008484        1.000000
       271.000000       -0.008484        1.000000
       272.000000       -0.008436        1.000000
       273.000000       -0.008436        1.000000
       274.000000       -0.008251        1.000000
       275.000000       -0.008153        1.000000
       276.000000       -0.008152        1.000000
       277.000000       -0.008109        1.000000
       278.000000       -0.008109        1.000000
       279.000000       -0.008065        1.000000
       280.000000       -0.008064        1.000000
       281.000000       -0.008019        1.000000
       282.000000       -0.008019        1.000000
       283.000000       -0.007805        1.000000
       284.000000       -0.007805        1.000000
       285.000000       -0.007751        1.000000
       286.000000       -0.007699        1.000000
       287.000000       -0.007699        1.000000
       288.000000       -0.007672        1.000000
       289.000000       -0.007672        1.000000
       290.000000       -0.007547        1.000000
       291.000000       -0.007547        1.000000
       292.000000       -0.007467        1.000000
       293.000000       -0.007467        1.000000
       294.000000       -0.007467        1.000000
       295.000000       -0.007467        1.000000
       296.000000       -0.007442        1.000000
       297.000000       -0.007436        1.000000
       298.000000       -0.007436        1.000000
       299.000000       -0.007340        1.000000
       300.000000       -0.007340        1.000000
       301.000000       -0.007136        1.000000
       302.000000       -0.007136        1.000000
       303.000000       -0.007118        1.000000
       304.000000       -0.007112        1.000000
       305.000000       -0.007112        1.000000
       306.000000       -0.007111        1.000000
       307.000000       -0.007110        1.000000
       308.000000       -0.006991        1.000000
       309.000000       -0.006991        1.000000
       310.000000       -0.006953        1.000000
       311.000000       -0.006953        1.000000
       312.000000       -0.006889        1.000000
       313.000000       -0.006889        1.000000
       314.000000       -0.006850        1.000000
       315.000000       -0.006850        1.000000
       316.000000       -0.006778        1.000000
       317.000000       -0.006710        1.000000
       318.000000       -0.006710        1.000000
       319.000000       -0.006633        1.000000
       320.000000       -0.006633        1.000000
       321.000000       -0.006601        1.000000
       322.000000       -0.006531        1.000000
       323.000000       -0.006531        1.000000
       324.000000       -0.006470        1.000000
       325.000000       -0.006470        1.000000
       326.000000       -0.006430        1.000000
       327.000000       -0.006430        1.000000
       328.000000       -0.006424        1.000000
       329.000000       -0.006423        1.000000
       330.000000       -0.006377        1.000000
       331.000000       -0.006377        1.000000
       332.000000       -0.006375        1.000000
       333.000000       -0.006374        1.000000
       334.000000       -0.006292        1.000000
       335.000000       -0.006292        1.000000
       336.000000       -0.006246        1.000000
       337.000000       -0.006246        1.000000
       338.000000       -0.006242        1.000000
       339.000000       -0.006228        1.000000
       340.000000       -0.006228        1.000000
       341.000000       -0.006221        1.000000
       342.000000       -0.006220        1.000000
       343.000000       -0.006151        1.000000
       344.000000       -0.006150        1.000000
       345.000000       -0.006064        1.000000
       346.000000       -0.006064        1.000000
       347.000000       -0.006047        1.000000
       348.000000       -0.006047        1.000000
       349.000000       -0.005949        1.000000
       350.000000       -0.005930        1.000000
       351.000000       -0.005930        1.000000
       352.000000       -0.005868        1.000000
       353.000000       -0.005868        1.000000
       354.000000       -0.005819        1.000000
       355.000000       -0.005806        1.000000
       356.000000       -0.005805        1.000000
       357.000000       -0.005733        1.000000
       358.000000       -0.005732        1.000000
       359.000000       -0.005671        1.000000
       360.000000       -0.005670        1.000000
       361.000000       -0.005661        1.000000
       362.000000       -0.005661        1.000000
       363.000000       -0.005557        1.000000
       364.000000       -0.005556        1.000000
       365.000000       -0.005504        1.000000
       366.000000       -0.005442        1.000000
       367.000000       -0.005410        1.000000
       368.000000       -0.005409        1.000000
       369.000000       -0.005365        1.000000
       370.000000       -0.005364        1.000000
       371.000000       -0.005357        1.000000
       372.000000       -0.005357        1.000000
       373.000000       -0.005292        1.000000
       374.000000       -0.005291        1.000000
       375.000000       -0.005261        1.000000
       376.000000       -0.005260        1.000000
       377.000000       -0.005191        1.000000
       378.000000       -0.005190        1.000000
       379.000000       -0.005178        1.000000
       380.000000       -0.005175        1.000000
       381.000000       -0.005153        1.000000
       382.000000       -0.005145        1.000000
       383.000000       -0.005145        1.000000
       384.000000       -0.005131        1.000000
       385.000000       -0.005130        1.000000
       386.000000       -0.005027        1.000000
       387.000000       -0.005027        1.000000
       388.000000       -0.004988        1.000000
       389.000000       -0.004988        1.000000
       390.000000       -0.004973        1.000000
       391.000000       -0.004973        1.000000
       392.000000       -0.004919        1.000000
       393.000000       -0.004918        1.000000
       394.000000       -0.004889        1.000000
       395.000000       -0.004889        1.000000
       396.000000       -0.004886        1.000000
       397.000000       -0.004885        1.000000
       398.000000       -0.004824        1.000000
       399.000000       -0.004824        1.000000
       400.000000       -0.004822        1.000000
       401.000000       -0.004763        1.000000
       402.000000       -0.004760        1.000000
       403.000000       -0.004759        1.000000
       404.000000       -0.004712        1.000000
       405.000000       -0.004711        1.000000
       406.000000       -0.004701        1.000000
       407.000000       -0.004700        1.000000
       408.000000       -0.004682        1.000000
       409.000000       -0.004681        1.000000
       410.000000       -0.004675        1.000000
       411.000000       -0.004674        1.000000
       412.000000       -0.004602        1.000000
       413.000000       -0.004601        1.000000
       414.000000       -0.004571        1.000000
       415.000000       -0.004569        1.000000
       416.000000       -0.004566        1.000000
       417.000000       -0.004513        1.000000
       418.000000       -0.004512        1.000000
       419.000000       -0.004493        1.000000
       420.000000       -0.004491        1.000000
       421.000000       -0.004471        1.000000
       422.000000       -0.004470        1.000000
       423.000000       -0.004460        1.000000
       424.000000       -0.004459        1.000000
       425.000000       -0.004443        1.000000
       426.000000       -0.004442        1.000000
       427.000000       -0.004409        1.000000
       428.000000       -0.004409        1.000000
       429.000000       -0.004386        1.000000
       430.000000       -0.004385        1.000000
       431.000000       -0.004294        1.000000
       432.000000       -0.004198        1.000000
       433.000000       -0.004198        1.000000
       434.000000       -0.004175        1.000000
       435.000000       -0.004174        1.000000
       436.000000       -0.004163        1.000000
       437.000000       -0.004162        1.000000
       438.000000       -0.004153        1.000000
       439.000000       -0.004152        1.000000
       440.000000       -0.004145        1.000000
       441.000000       -0.004140        1.000000
       442.000000       -0.004137        1.000000
       443.000000       -0.004127        1.000000
       444.000000       -0.004125        1.000000
       445.000000       -0.004109        1.000000
       446.000000       -0.004107        1.000000
       447.000000       -0.004066        1.000000
       448.000000       -0.004065        1.000000
       449.000000       -0.003962        1.000000
       450.000000       -0.003954        1.000000
       451.000000       -0.003953        1.000000
       452.000000       -0.003947        1.000000
       453.000000       -0.003945        1.000000
       454.000000       -0.003912        1.000000
       455.000000       -0.003910        1.000000
       456.000000       -0.003908        1.000000
       457.000000       -0.003903        1.000000
       458.000000       -0.003891        1.000000
       459.000000       -0.003887        1.000000
       460.000000       -0.003876        1.000000
       461.000000       -0.003876        1.000000
       462.000000       -0.003866        1.000000
       463.000000       -0.003863        1.000000
       464.000000       -0.003847        1.000000
       465.000000       -0.003847        1.000000
       466.000000       -0.003763        1.000000
       467.000000       -0.003762        1.000000
       468.000000       -0.003746        1.000000
       469.000000       -0.003745        1.000000
       470.000000       -0.003735        1.000000
       471.000000       -0.003733        1.000000
       472.000000       -0.003715        1.000000
       473.000000       -0.003712        1.000000
       474.000000       -0.003699        1.000000
       475.000000       -0.003696        1.000000
       476.000000       -0.003689        1.000000
       477.000000       -0.003686        1.000000
       478.000000       -0.003683        1.000000
       479.000000       -0.003597        1.000000
       480.000000       -0.003596        1.000000
       481.000000       -0.003594        1.000000
       482.000000       -0.003591        1.000000
       483.000000       -0.003588        1.000000
       484.000000       -0.003562        1.000000
       485.000000       -0.003558        1.000000
       486.000000       -0.003542        1.000000
       487.000000       -0.003540        1.000000
       488.000000       -0.003539        1.000000
       489.000000       -0.003536        1.000000
       490.000000       -0.003534        1.000000
       491.000000       -0.003532        0.000000
       492.000000       -0.003509        1.000000
       493.000000       -0.003497        1.000000
       494.000000       -0.003493        1.000000
       495.000000       -0.003469        1.000000
       496.000000       -0.003466        1.000000
       497.000000       -0.003444        1.000000
       498.000000       -0.003426        1.000000
       499.000000       -0.003425        1.000000
       500.000000       -0.003415        1.000000
