#            iprt         eigenv.           conv.
         1.000000       -3.316871        1.000000
         2.000000       -3.267847        1.000000
         3.000000       -3.215105        1.000000
         4.000000       -3.182059        1.000000
         5.000000       -3.137290        1.000000
         6.000000       -3.053840        1.000000
         7.000000       -2.987878        1.000000
         8.000000       -2.949638        1.000000
         9.000000       -2.915510        1.000000
        10.000000       -2.904760        1.000000
        11.000000       -2.886223        1.000000
        12.000000       -2.869479        1.000000
        13.000000       -2.848423        1.000000
        14.000000       -2.838487        1.000000
        15.000000       -2.817940        1.000000
        16.000000       -2.801401        1.000000
        17.000000       -2.784465        1.000000
        18.000000       -2.771545        1.000000
        19.000000       -2.756805        1.000000
        20.000000       -2.741713        1.000000
        21.000000       -2.725009        1.000000
        22.000000       -2.699119        1.000000
        23.000000       -2.688829        1.000000
        24.000000       -2.669690        1.000000
        25.000000       -2.650334        1.000000
        26.000000       -2.638869        1.000000
        27.000000       -2.621119        1.000000
        28.000000       -2.601629        1.000000
        29.000000       -2.571078        1.000000
        30.000000       -2.562707        1.000000
        31.000000       -2.473134        1.000000
        32.000000       -2.064942        1.000000
        33.000000       -2.032349        1.000000
        34.000000       -2.020437        1.000000
        35.000000       -2.013824        1.000000
        36.000000       -1.984982        1.000000
        37.000000       -1.974611        1.000000
        38.000000       -1.958298        1.000000
        39.000000       -1.937101        1.000000
        40.000000       -1.921602        1.000000
        41.000000       -1.908296        1.000000
        42.000000       -1.880658        1.000000
        43.000000       -1.865262        1.000000
        44.000000       -1.856249        1.000000
        45.000000       -1.836309        1.000000
        46.000000       -1.831580        1.000000
        47.000000       -1.807031        1.000000
        48.000000       -1.780537        1.000000
        49.000000       -1.755669        1.000000
        50.000000       -1.726360        1.000000
        51.000000       -1.700332        1.000000
        52.000000       -1.655344        1.000000
        53.000000       -1.637063        1.000000
        54.000000       -1.590179        1.000000
        55.000000       -1.556411        1.000000
        56.000000       -1.466720        1.000000
        57.000000       -1.436316        1.000000
        58.000000       -1.377535        1.000000
        59.000000       -1.339094        1.000000
        60.000000       -1.326537        1.000000
        61.000000       -1.274825        1.000000
        62.000000       -1.231573        1.000000
        63.000000       -1.208559        1.000000
        64.000000       -1.201188        1.000000
        65.000000       -1.148732        1.000000
        66.000000       -1.145253        1.000000
        67.000000       -1.140557        1.000000
        68.000000       -1.109376        1.000000
        69.000000       -1.097365        1.000000
        70.000000       -1.072346        1.000000
        71.000000       -1.056998        1.000000
        72.000000       -1.047872        1.000000
        73.000000       -1.033572        1.000000
        74.000000       -1.027392        1.000000
        75.000000       -1.016088        1.000000
        76.000000       -1.012449        1.000000
        77.000000       -1.003100        1.000000
        78.000000       -0.988399        1.000000
        79.000000       -0.985819        1.000000
        80.000000       -0.981103        1.000000
        81.000000       -0.948465        1.000000
        82.000000       -0.944951        1.000000
        83.000000       -0.935080        1.000000
        84.000000       -0.925786        1.000000
        85.000000       -0.915157        1.000000
        86.000000       -0.906824        1.000000
        87.000000       -0.893788        1.000000
        88.000000       -0.889694        1.000000
        89.000000       -0.884383        1.000000
        90.000000       -0.883039        1.000000
        91.000000       -0.877704        1.000000
        92.000000       -0.859537        1.000000
        93.000000       -0.854350        1.000000
        94.000000       -0.852097        1.000000
        95.000000       -0.846230        1.000000
        96.000000       -0.841935        1.000000
        97.000000       -0.841050        1.000000
        98.000000       -0.840123        1.000000
        99.000000       -0.837620        1.000000
       100.000000       -0.830007        1.000000
       101.000000       -0.828114        1.000000
       102.000000       -0.826673        1.000000
       103.000000       -0.824154        1.000000
       104.000000       -0.820712        1.000000
       105.000000       -0.815201        1.000000
       106.000000       -0.813635        1.000000
       107.000000       -0.809981        1.000000
       108.000000       -0.807599        1.000000
       109.000000       -0.807387        1.000000
       110.000000       -0.805748        1.000000
       111.000000       -0.802179        1.000000
       112.000000       -0.798937        1.000000
       113.000000       -0.797066        1.000000
       114.000000       -0.794828        1.000000
       115.000000       -0.792280        1.000000
       116.000000       -0.791077        1.000000
       117.000000       -0.790422        1.000000
       118.000000       -0.788476        1.000000
       119.000000       -0.785772        1.000000
       120.000000       -0.783084        1.000000
       121.000000       -0.781535        1.000000
       122.000000       -0.774437        1.000000
       123.000000       -0.771325        1.000000
       124.000000       -0.769525        1.000000
       125.000000       -0.760539        1.000000
       126.000000       -0.757068        1.000000
       127.000000       -0.753658        1.000000
       128.000000       -0.750987        1.000000
       129.000000       -0.738198        1.000000
       130.000000       -0.727860        1.000000
       131.000000       -0.722982        1.000000
       132.000000       -0.720816        1.000000
       133.000000       -0.719529        1.000000
       134.000000       -0.715045        1.000000
       135.000000       -0.706654        1.000000
       136.000000       -0.705521        1.000000
       137.000000       -0.702893        1.000000
       138.000000       -0.699195        1.000000
       139.000000       -0.691779        1.000000
       140.000000       -0.691296        1.000000
       141.000000       -0.682459        1.000000
       142.000000       -0.679401        1.000000
       143.000000       -0.677813        1.000000
       144.000000       -0.674665        1.000000
       145.000000       -0.674079        1.000000
       146.000000       -0.672047        1.000000
       147.000000       -0.666964        1.000000
       148.000000       -0.664860        1.000000
       149.000000       -0.663183        1.000000
       150.000000       -0.659889        1.000000
       151.000000       -0.657373        1.000000
       152.000000       -0.652947        1.000000
       153.000000       -0.651811        1.000000
       154.000000       -0.648567        1.000000
       155.000000       -0.644574        1.000000
       156.000000       -0.642081        1.000000
       157.000000       -0.637044        1.000000
       158.000000       -0.634014        1.000000
       159.000000       -0.632169        1.000000
       160.000000       -0.629487        1.000000
       161.000000       -0.626850        1.000000
       162.000000       -0.624094        1.000000
       163.000000       -0.622080        1.000000
       164.000000       -0.620009        1.000000
       165.000000       -0.618434        1.000000
       166.000000       -0.615401        1.000000
       167.000000       -0.611260        1.000000
       168.000000       -0.610076        1.000000
       169.000000       -0.607670        1.000000
       170.000000       -0.605523        1.000000
       171.000000       -0.603612        1.000000
       172.000000       -0.599008        1.000000
       173.000000       -0.598111        1.000000
       174.000000       -0.595079        1.000000
       175.000000       -0.592472        1.000000
       176.000000       -0.590763        1.000000
       177.000000       -0.589642        1.000000
       178.000000       -0.587718        1.000000
       179.000000       -0.585069        1.000000
       180.000000       -0.583583        1.000000
       181.000000       -0.582504        1.000000
       182.000000       -0.577937        1.000000
       183.000000       -0.577413        1.000000
       184.000000       -0.573466        1.000000
       185.000000       -0.571936        1.000000
       186.000000       -0.568891        1.000000
       187.000000       -0.567187        1.000000
       188.000000       -0.565047        1.000000
       189.000000       -0.564486        1.000000
       190.000000       -0.562313        1.000000
       191.000000       -0.557718        1.000000
       192.000000       -0.555598        1.000000
       193.000000       -0.554245        1.000000
       194.000000       -0.553155        1.000000
       195.000000       -0.550952        1.000000
       196.000000       -0.548081        1.000000
       197.000000       -0.546869        1.000000
       198.000000       -0.544740        1.000000
       199.000000       -0.541475        1.000000
       200.000000       -0.538835        1.000000
       201.000000       -0.537355        1.000000
       202.000000       -0.536647        1.000000
       203.000000       -0.535430        1.000000
       204.000000       -0.534269        1.000000
       205.000000       -0.531972        1.000000
       206.000000       -0.529832        1.000000
       207.000000       -0.529485        1.000000
       208.000000       -0.525007        1.000000
       209.000000       -0.523264        1.000000
       210.000000       -0.519524        1.000000
       211.000000       -0.517677        1.000000
       212.000000       -0.515894        1.000000
       213.000000       -0.513375        1.000000
       214.000000       -0.511093        1.000000
       215.000000       -0.508771        1.000000
       216.000000       -0.505732        1.000000
       217.000000       -0.504758        1.000000
       218.000000       -0.502238        1.000000
       219.000000       -0.499237        1.000000
       220.000000       -0.497527        1.000000
       221.000000       -0.494265        1.000000
       222.000000       -0.491776        1.000000
       223.000000       -0.489467        1.000000
       224.000000       -0.482571        1.000000
       225.000000       -0.474350        1.000000
       226.000000       -0.468007        1.000000
       227.000000       -0.463062        1.000000
       228.000000       -0.459926        1.000000
       229.000000       -0.456771        1.000000
       230.000000       -0.453009        1.000000
       231.000000       -0.450567        1.000000
       232.000000       -0.448231        1.000000
       233.000000       -0.444397        1.000000
       234.000000       -0.443060        1.000000
       235.000000       -0.441267        1.000000
       236.000000       -0.439597        1.000000
       237.000000       -0.438206        1.000000
       238.000000       -0.434748        1.000000
       239.000000       -0.433388        1.000000
       240.000000       -0.432174        1.000000
       241.000000       -0.427017        1.000000
       242.000000       -0.426133        1.000000
       243.000000       -0.424105        1.000000
       244.000000       -0.423371        1.000000
       245.000000       -0.422382        1.000000
       246.000000       -0.420181        1.000000
       247.000000       -0.417247        1.000000
       248.000000       -0.416094        1.000000
       249.000000       -0.414763        1.000000
       250.000000       -0.412514        1.000000
       251.000000       -0.410154        1.000000
       252.000000       -0.407749        1.000000
       253.000000       -0.407096        1.000000
       254.000000       -0.406362        1.000000
       255.000000       -0.405576        1.000000
       256.000000       -0.403819        1.000000
       257.000000       -0.402569        1.000000
       258.000000       -0.402305        1.000000
       259.000000       -0.399086        1.000000
       260.000000       -0.398444        1.000000
       261.000000       -0.395815        1.000000
       262.000000       -0.395140        1.000000
       263.000000       -0.393118        1.000000
       264.000000       -0.392687        1.000000
       265.000000       -0.390170        1.000000
       266.000000       -0.389759        1.000000
       267.000000       -0.388703        1.000000
       268.000000       -0.386991        1.000000
       269.000000       -0.386626        1.000000
       270.000000       -0.384688        1.000000
       271.000000       -0.383956        1.000000
       272.000000       -0.382415        1.000000
       273.000000       -0.382115        1.000000
       274.000000       -0.381276        1.000000
       275.000000       -0.378630        1.000000
       276.000000       -0.377891        1.000000
       277.000000       -0.375552        1.000000
       278.000000       -0.375302        1.000000
       279.000000       -0.374748        1.000000
       280.000000       -0.373937        1.000000
       281.000000       -0.372867        1.000000
       282.000000       -0.372708        1.000000
       283.000000       -0.371980        1.000000
       284.000000       -0.371476        1.000000
       285.000000       -0.370033        1.000000
       286.000000       -0.368598        1.000000
       287.000000       -0.368067        1.000000
       288.000000       -0.367412        1.000000
       289.000000       -0.366363        1.000000
       290.000000       -0.365812        1.000000
       291.000000       -0.364805        1.000000
       292.000000       -0.364600        1.000000
       293.000000       -0.363181        1.000000
       294.000000       -0.362133        1.000000
       295.000000       -0.361160        1.000000
       296.000000       -0.360615        1.000000
       297.000000       -0.359873        1.000000
       298.000000       -0.359806        1.000000
       299.000000       -0.358930        1.000000
       300.000000       -0.358546        1.000000
       301.000000       -0.357672        1.000000
       302.000000       -0.356623        1.000000
       303.000000       -0.355817        1.000000
       304.000000       -0.355089        1.000000
       305.000000       -0.354722        1.000000
       306.000000       -0.354144        1.000000
       307.000000       -0.353372        1.000000
       308.000000       -0.352437        1.000000
       309.000000       -0.352164        1.000000
       310.000000       -0.351954        1.000000
       311.000000       -0.351699        1.000000
       312.000000       -0.351180        1.000000
       313.000000       -0.350131        1.000000
       314.000000       -0.349352        1.000000
       315.000000       -0.348629        1.000000
       316.000000       -0.348442        1.000000
       317.000000       -0.348049        1.000000
       318.000000       -0.347726        1.000000
       319.000000       -0.346708        1.000000
       320.000000       -0.346437        1.000000
       321.000000       -0.345461        1.000000
       322.000000       -0.345385        1.000000
       323.000000       -0.344618        1.000000
       324.000000       -0.344239        1.000000
       325.000000       -0.343899        1.000000
       326.000000       -0.343823        1.000000
       327.000000       -0.342945        1.000000
       328.000000       -0.342260        1.000000
       329.000000       -0.341977        1.000000
       330.000000       -0.341503        1.000000
       331.000000       -0.341273        1.000000
       332.000000       -0.340575        1.000000
       333.000000       -0.340203        1.000000
       334.000000       -0.339646        1.000000
       335.000000       -0.339409        1.000000
       336.000000       -0.338336        1.000000
       337.000000       -0.338223        1.000000
       338.000000       -0.337870        1.000000
       339.000000       -0.337532        1.000000
       340.000000       -0.337190        1.000000
       341.000000       -0.337008        1.000000
       342.000000       -0.336272        1.000000
       343.000000       -0.335901        1.000000
       344.000000       -0.335479        1.000000
       345.000000       -0.335266        1.000000
       346.000000       -0.334885        1.000000
       347.000000       -0.334384        1.000000
       348.000000       -0.334057        1.000000
       349.000000       -0.333919        1.000000
       350.000000       -0.333516        1.000000
       351.000000       -0.333173        1.000000
       352.000000       -0.332837        1.000000
       353.000000       -0.332113        1.000000
       354.000000       -0.331577        1.000000
       355.000000       -0.331430        1.000000
       356.000000       -0.330993        1.000000
       357.000000       -0.330569        1.000000
       358.000000       -0.330546        1.000000
       359.000000       -0.330062        1.000000
       360.000000       -0.329847        1.000000
       361.000000       -0.329411        1.000000
       362.000000       -0.329091        1.000000
       363.000000       -0.328984        1.000000
       364.000000       -0.328664        1.000000
       365.000000       -0.328230        1.000000
       366.000000       -0.327864        1.000000
       367.000000       -0.327423        1.000000
       368.000000       -0.327135        1.000000
       369.000000       -0.326967        1.000000
       370.000000       -0.326436        1.000000
       371.000000       -0.325736        1.000000
       372.000000       -0.325588        1.000000
       373.000000       -0.325159        1.000000
       374.000000       -0.324981        1.000000
       375.000000       -0.324412        1.000000
       376.000000       -0.324185        1.000000
       377.000000       -0.323909        1.000000
       378.000000       -0.323231        1.000000
       379.000000       -0.323213        1.000000
       380.000000       -0.322749        1.000000
       381.000000       -0.322538        1.000000
       382.000000       -0.322061        1.000000
       383.000000       -0.321556        1.000000
       384.000000       -0.321193        1.000000
       385.000000       -0.320939        1.000000
       386.000000       -0.320681        1.000000
       387.000000       -0.320334        1.000000
       388.000000       -0.319981        1.000000
       389.000000       -0.319799        1.000000
       390.000000       -0.319509        1.000000
       391.000000       -0.318997        1.000000
       392.000000       -0.318638        1.000000
       393.000000       -0.318591        1.000000
       394.000000       -0.318389        1.000000
       395.000000       -0.317872        1.000000
       396.000000       -0.317539        1.000000
       397.000000       -0.317176        1.000000
       398.000000       -0.316425        1.000000
       399.000000       -0.316184        1.000000
       400.000000       -0.316100        1.000000
       401.000000       -0.315656        1.000000
       402.000000       -0.315200        1.000000
       403.000000       -0.315104        1.000000
       404.000000       -0.314678        1.000000
       405.000000       -0.314101        1.000000
       406.000000       -0.313895        1.000000
       407.000000       -0.313708        1.000000
       408.000000       -0.313305        1.000000
       409.000000       -0.313106        1.000000
       410.000000       -0.312780        1.000000
       411.000000       -0.312256        1.000000
       412.000000       -0.312148        1.000000
       413.000000       -0.311954        1.000000
       414.000000       -0.311420        1.000000
       415.000000       -0.311302        1.000000
       416.000000       -0.311118        1.000000
       417.000000       -0.310918        1.000000
       418.000000       -0.310089        1.000000
       419.000000       -0.309874        1.000000
       420.000000       -0.309196        1.000000
       421.000000       -0.308847        1.000000
       422.000000       -0.308674        1.000000
       423.000000       -0.308360        1.000000
       424.000000       -0.307676        1.000000
       425.000000       -0.307205        1.000000
       426.000000       -0.306967        1.000000
       427.000000       -0.306800        1.000000
       428.000000       -0.306568        1.000000
       429.000000       -0.306261        1.000000
       430.000000       -0.305855        1.000000
       431.000000       -0.305382        1.000000
       432.000000       -0.305132        1.000000
       433.000000       -0.304471        1.000000
       434.000000       -0.304035        1.000000
       435.000000       -0.303889        1.000000
       436.000000       -0.303170        1.000000
       437.000000       -0.302947        1.000000
       438.000000       -0.302135        1.000000
       439.000000       -0.302000        1.000000
       440.000000       -0.301586        1.000000
       441.000000       -0.301224        1.000000
       442.000000       -0.300838        1.000000
       443.000000       -0.300245        1.000000
       444.000000       -0.299891        1.000000
       445.000000       -0.299719        1.000000
       446.000000       -0.299572        1.000000
       447.000000       -0.298562        1.000000
       448.000000       -0.297894        1.000000
       449.000000       -0.297281        1.000000
       450.000000       -0.296737        1.000000
       451.000000       -0.296338        1.000000
       452.000000       -0.296008        1.000000
       453.000000       -0.295743        1.000000
       454.000000       -0.295119        1.000000
       455.000000       -0.294824        1.000000
       456.000000       -0.294349        1.000000
       457.000000       -0.293548        1.000000
       458.000000       -0.292666        1.000000
       459.000000       -0.292143        1.000000
       460.000000       -0.291896        1.000000
       461.000000       -0.291459        1.000000
       462.000000       -0.290781        1.000000
       463.000000       -0.290430        1.000000
       464.000000       -0.290080        1.000000
       465.000000       -0.289672        1.000000
       466.000000       -0.289077        1.000000
       467.000000       -0.288737        1.000000
       468.000000       -0.288297        1.000000
       469.000000       -0.287474        1.000000
       470.000000       -0.286904        1.000000
       471.000000       -0.286734        1.000000
       472.000000       -0.286221        1.000000
       473.000000       -0.286048        1.000000
       474.000000       -0.285570        1.000000
       475.000000       -0.284657        1.000000
       476.000000       -0.284402        1.000000
       477.000000       -0.284179        1.000000
       478.000000       -0.283778        1.000000
       479.000000       -0.283474        1.000000
       480.000000       -0.282410        1.000000
       481.000000       -0.281494        1.000000
       482.000000       -0.280816        1.000000
       483.000000       -0.280783        1.000000
       484.000000       -0.280137        1.000000
       485.000000       -0.279404        1.000000
       486.000000       -0.278971        1.000000
       487.000000       -0.278585        1.000000
       488.000000       -0.277598        1.000000
       489.000000       -0.277295        1.000000
       490.000000       -0.277035        1.000000
       491.000000       -0.275731        1.000000
       492.000000       -0.275359        1.000000
       493.000000       -0.274618        1.000000
       494.000000       -0.274569        1.000000
       495.000000       -0.273843        1.000000
       496.000000       -0.273621        1.000000
       497.000000       -0.273178        1.000000
       498.000000       -0.272541        1.000000
       499.000000       -0.272076        1.000000
       500.000000       -0.271064        1.000000
       501.000000       -0.270547        1.000000
       502.000000       -0.269461        1.000000
       503.000000       -0.269093        1.000000
       504.000000       -0.268590        1.000000
       505.000000       -0.268262        1.000000
       506.000000       -0.267901        1.000000
       507.000000       -0.267159        1.000000
       508.000000       -0.266790        1.000000
       509.000000       -0.266204        1.000000
       510.000000       -0.265915        1.000000
       511.000000       -0.264819        1.000000
       512.000000       -0.264349        1.000000
       513.000000       -0.264048        1.000000
       514.000000       -0.263644        1.000000
       515.000000       -0.262906        1.000000
       516.000000       -0.262303        1.000000
       517.000000       -0.261815        1.000000
       518.000000       -0.261301        1.000000
       519.000000       -0.260768        1.000000
       520.000000       -0.260041        1.000000
       521.000000       -0.259254        1.000000
       522.000000       -0.258900        1.000000
       523.000000       -0.257733        1.000000
       524.000000       -0.257438        1.000000
       525.000000       -0.256813        1.000000
       526.000000       -0.255377        1.000000
       527.000000       -0.254482        1.000000
       528.000000       -0.254442        1.000000
       529.000000       -0.253883        1.000000
       530.000000       -0.252967        1.000000
       531.000000       -0.252750        1.000000
       532.000000       -0.252533        1.000000
       533.000000       -0.251660        1.000000
       534.000000       -0.250961        1.000000
       535.000000       -0.250647        1.000000
       536.000000       -0.250082        1.000000
       537.000000       -0.249526        1.000000
       538.000000       -0.249200        1.000000
       539.000000       -0.248953        1.000000
       540.000000       -0.248560        1.000000
       541.000000       -0.248119        1.000000
       542.000000       -0.246852        1.000000
       543.000000       -0.245960        1.000000
       544.000000       -0.245543        1.000000
       545.000000       -0.245113        1.000000
       546.000000       -0.244642        1.000000
       547.000000       -0.244461        1.000000
       548.000000       -0.243551        1.000000
       549.000000       -0.242311        1.000000
       550.000000       -0.241979        1.000000
       551.000000       -0.241475        1.000000
       552.000000       -0.241014        1.000000
       553.000000       -0.240888        1.000000
       554.000000       -0.240303        1.000000
       555.000000       -0.240017        1.000000
       556.000000       -0.239598        1.000000
       557.000000       -0.238721        1.000000
       558.000000       -0.238354        1.000000
       559.000000       -0.238142        1.000000
       560.000000       -0.237699        1.000000
       561.000000       -0.236892        1.000000
       562.000000       -0.236730        1.000000
       563.000000       -0.236127        1.000000
       564.000000       -0.235877        1.000000
       565.000000       -0.235378        1.000000
       566.000000       -0.234828        1.000000
       567.000000       -0.234548        1.000000
       568.000000       -0.234215        1.000000
       569.000000       -0.233659        1.000000
       570.000000       -0.233298        1.000000
       571.000000       -0.233232        1.000000
       572.000000       -0.232716        1.000000
       573.000000       -0.231551        1.000000
       574.000000       -0.231320        1.000000
       575.000000       -0.230853        1.000000
       576.000000       -0.230500        1.000000
       577.000000       -0.230059        1.000000
       578.000000       -0.229183        1.000000
       579.000000       -0.228934        1.000000
       580.000000       -0.228751        1.000000
       581.000000       -0.228263        1.000000
       582.000000       -0.228136        1.000000
       583.000000       -0.227434        1.000000
       584.000000       -0.226651        1.000000
       585.000000       -0.226342        1.000000
       586.000000       -0.225839        1.000000
       587.000000       -0.225474        1.000000
       588.000000       -0.225192        1.000000
       589.000000       -0.224959        1.000000
       590.000000       -0.224237        1.000000
       591.000000       -0.224052        1.000000
       592.000000       -0.223613        1.000000
       593.000000       -0.223350        1.000000
       594.000000       -0.222791        1.000000
       595.000000       -0.222646        1.000000
       596.000000       -0.222237        1.000000
       597.000000       -0.221964        1.000000
       598.000000       -0.221686        1.000000
       599.000000       -0.221192        1.000000
       600.000000       -0.220701        1.000000
       601.000000       -0.220509        0.000000
       602.000000       -0.220175        1.000000
       603.000000       -0.219755        1.000000
       604.000000       -0.219171        1.000000
       605.000000       -0.218631        1.000000
       606.000000       -0.218463        1.000000
       607.000000       -0.218336        1.000000
       608.000000       -0.217778        0.000000
       609.000000       -0.217194        1.000000
       610.000000       -0.216785        1.000000
       611.000000       -0.216624        1.000000
       612.000000       -0.216211        1.000000
       613.000000       -0.215682        1.000000
       614.000000       -0.215443        1.000000
       615.000000       -0.215378        1.000000
       616.000000       -0.214984        1.000000
       617.000000       -0.214628        1.000000
       618.000000       -0.214024        0.000000
       619.000000       -0.213752        0.000000
       620.000000       -0.213318        1.000000
       621.000000       -0.213031        1.000000
       622.000000       -0.212824        0.000000
       623.000000       -0.212478        1.000000
       624.000000       -0.211973        1.000000
       625.000000       -0.211643        1.000000
       626.000000       -0.211041        1.000000
       627.000000       -0.210903        1.000000
       628.000000       -0.210469        1.000000
       629.000000       -0.210252        1.000000
       630.000000       -0.209895        0.000000
       631.000000       -0.209589        0.000000
       632.000000       -0.209352        1.000000
       633.000000       -0.209037        0.000000
       634.000000       -0.208666        0.000000
       635.000000       -0.208218        1.000000
       636.000000       -0.207796        0.000000
       637.000000       -0.207444        0.000000
       638.000000       -0.207069        0.000000
       639.000000       -0.206756        0.000000
       640.000000       -0.206275        0.000000
       641.000000       -0.205976        0.000000
       642.000000       -0.205627        1.000000
       643.000000       -0.205466        0.000000
       644.000000       -0.205018        1.000000
       645.000000       -0.204610        0.000000
       646.000000       -0.204193        0.000000
       647.000000       -0.204053        0.000000
       648.000000       -0.203335        0.000000
       649.000000       -0.203262        0.000000
       650.000000       -0.203005        0.000000
       651.000000       -0.202812        0.000000
       652.000000       -0.202040        1.000000
       653.000000       -0.201740        0.000000
       654.000000       -0.201342        0.000000
       655.000000       -0.201036        0.000000
       656.000000       -0.200860        0.000000
       657.000000       -0.200818        0.000000
       658.000000       -0.200088        0.000000
       659.000000       -0.199846        0.000000
       660.000000       -0.199556        0.000000
       661.000000       -0.199354        0.000000
       662.000000       -0.198963        0.000000
       663.000000       -0.198368        0.000000
       664.000000       -0.198288        0.000000
       665.000000       -0.198038        0.000000
       666.000000       -0.197615        0.000000
       667.000000       -0.197327        0.000000
       668.000000       -0.196730        0.000000
       669.000000       -0.196263        0.000000
       670.000000       -0.195776        0.000000
       671.000000       -0.195672        0.000000
       672.000000       -0.195539        0.000000
       673.000000       -0.195180        0.000000
       674.000000       -0.194876        0.000000
       675.000000       -0.194272        0.000000
       676.000000       -0.193784        0.000000
       677.000000       -0.193631        0.000000
       678.000000       -0.193149        0.000000
       679.000000       -0.192805        0.000000
       680.000000       -0.192687        0.000000
       681.000000       -0.192258        0.000000
       682.000000       -0.191938        0.000000
       683.000000       -0.191777        0.000000
       684.000000       -0.191115        0.000000
       685.000000       -0.190696        0.000000
       686.000000       -0.190349        0.000000
       687.000000       -0.190239        0.000000
       688.000000       -0.189797        0.000000
       689.000000       -0.189459        0.000000
       690.000000       -0.189027        0.000000
       691.000000       -0.188700        0.000000
       692.000000       -0.188335        0.000000
       693.000000       -0.188088        0.000000
       694.000000       -0.187751        0.000000
       695.000000       -0.187359        0.000000
       696.000000       -0.187219        0.000000
       697.000000       -0.186961        0.000000
       698.000000       -0.186776        0.000000
       699.000000       -0.186123        0.000000
       700.000000       -0.185754        0.000000
       701.000000       -0.185149        0.000000
       702.000000       -0.184680        0.000000
       703.000000       -0.184568        0.000000
       704.000000       -0.184233        0.000000
       705.000000       -0.184129        0.000000
       706.000000       -0.183433        0.000000
       707.000000       -0.183167        0.000000
       708.000000       -0.182793        0.000000
       709.000000       -0.182329        0.000000
       710.000000       -0.181829        0.000000
       711.000000       -0.181365        0.000000
       712.000000       -0.181264        0.000000
       713.000000       -0.180761        0.000000
       714.000000       -0.180039        0.000000
       715.000000       -0.179784        0.000000
       716.000000       -0.179199        0.000000
       717.000000       -0.178703        0.000000
       718.000000       -0.178358        0.000000
       719.000000       -0.178287        0.000000
       720.000000       -0.177319        0.000000
       721.000000       -0.176839        0.000000
       722.000000       -0.176166        0.000000
       723.000000       -0.176109        0.000000
       724.000000       -0.175978        0.000000
       725.000000       -0.175644        0.000000
       726.000000       -0.175410        0.000000
       727.000000       -0.175318        0.000000
       728.000000       -0.174298        0.000000
       729.000000       -0.174017        0.000000
       730.000000       -0.173503        0.000000
       731.000000       -0.173266        0.000000
       732.000000       -0.172909        0.000000
       733.000000       -0.172270        0.000000
       734.000000       -0.171834        0.000000
       735.000000       -0.171756        0.000000
       736.000000       -0.170932        0.000000
       737.000000       -0.170497        0.000000
       738.000000       -0.170436        0.000000
       739.000000       -0.170361        0.000000
       740.000000       -0.169599        0.000000
       741.000000       -0.169510        0.000000
       742.000000       -0.169230        0.000000
       743.000000       -0.168489        0.000000
       744.000000       -0.168017        0.000000
       745.000000       -0.167339        0.000000
       746.000000       -0.167081        0.000000
       747.000000       -0.166773        0.000000
       748.000000       -0.166520        0.000000
       749.000000       -0.166115        0.000000
       750.000000       -0.165792        0.000000
       751.000000       -0.164857        0.000000
       752.000000       -0.164186        0.000000
       753.000000       -0.163897        0.000000
       754.000000       -0.163359        0.000000
       755.000000       -0.163130        0.000000
       756.000000       -0.162324        0.000000
       757.000000       -0.162188        0.000000
       758.000000       -0.161967        0.000000
       759.000000       -0.161771        0.000000
       760.000000       -0.161554        0.000000
       761.000000       -0.161174        0.000000
       762.000000       -0.160740        0.000000
       763.000000       -0.160119        0.000000
       764.000000       -0.159720        0.000000
       765.000000       -0.159685        0.000000
       766.000000       -0.158475        0.000000
       767.000000       -0.158232        0.000000
       768.000000       -0.158089        0.000000
       769.000000       -0.157984        0.000000
       770.000000       -0.157308        0.000000
       771.000000       -0.156724        0.000000
       772.000000       -0.156287        0.000000
       773.000000       -0.156031        0.000000
       774.000000       -0.155198        0.000000
       775.000000       -0.154967        0.000000
       776.000000       -0.154577        0.000000
       777.000000       -0.154422        0.000000
       778.000000       -0.153802        0.000000
       779.000000       -0.153274        0.000000
       780.000000       -0.152711        0.000000
       781.000000       -0.152384        0.000000
       782.000000       -0.152120        0.000000
       783.000000       -0.151905        0.000000
       784.000000       -0.151611        0.000000
       785.000000       -0.151032        0.000000
       786.000000       -0.150680        0.000000
       787.000000       -0.150299        0.000000
       788.000000       -0.149566        0.000000
       789.000000       -0.149016        0.000000
       790.000000       -0.148609        0.000000
       791.000000       -0.148376        0.000000
       792.000000       -0.147822        0.000000
       793.000000       -0.147167        0.000000
       794.000000       -0.147028        0.000000
       795.000000       -0.146482        0.000000
       796.000000       -0.146322        0.000000
       797.000000       -0.145851        0.000000
       798.000000       -0.144839        0.000000
       799.000000       -0.144780        0.000000
       800.000000       -0.144458        0.000000
       801.000000       -0.143627        0.000000
       802.000000       -0.143391        0.000000
       803.000000       -0.142842        0.000000
       804.000000       -0.142250        0.000000
       805.000000       -0.142056        0.000000
       806.000000       -0.141370        0.000000
       807.000000       -0.140870        0.000000
       808.000000       -0.140470        0.000000
       809.000000       -0.140042        0.000000
       810.000000       -0.139916        0.000000
       811.000000       -0.139497        0.000000
       812.000000       -0.139235        0.000000
       813.000000       -0.138915        0.000000
       814.000000       -0.138660        0.000000
       815.000000       -0.138220        0.000000
       816.000000       -0.138149        0.000000
       817.000000       -0.137366        0.000000
       818.000000       -0.136866        0.000000
       819.000000       -0.136390        0.000000
       820.000000       -0.136193        0.000000
       821.000000       -0.135627        0.000000
       822.000000       -0.135044        0.000000
       823.000000       -0.134814        0.000000
       824.000000       -0.134681        0.000000
       825.000000       -0.134281        0.000000
       826.000000       -0.133756        0.000000
       827.000000       -0.133685        0.000000
       828.000000       -0.133532        0.000000
       829.000000       -0.132931        0.000000
       830.000000       -0.132739        0.000000
       831.000000       -0.132558        0.000000
       832.000000       -0.132142        0.000000
       833.000000       -0.132093        0.000000
       834.000000       -0.131598        0.000000
       835.000000       -0.131192        0.000000
       836.000000       -0.130969        0.000000
       837.000000       -0.130365        0.000000
       838.000000       -0.130005        0.000000
       839.000000       -0.129854        0.000000
       840.000000       -0.129451        0.000000
       841.000000       -0.129255        0.000000
       842.000000       -0.128898        0.000000
       843.000000       -0.128436        0.000000
       844.000000       -0.128094        0.000000
       845.000000       -0.127902        0.000000
       846.000000       -0.127673        0.000000
       847.000000       -0.127431        0.000000
       848.000000       -0.126904        0.000000
       849.000000       -0.126688        0.000000
       850.000000       -0.126447        0.000000
       851.000000       -0.126234        0.000000
       852.000000       -0.125826        0.000000
       853.000000       -0.125611        0.000000
       854.000000       -0.125318        0.000000
       855.000000       -0.125102        0.000000
       856.000000       -0.124947        0.000000
       857.000000       -0.124526        0.000000
       858.000000       -0.124245        0.000000
       859.000000       -0.124069        0.000000
       860.000000       -0.123808        0.000000
       861.000000       -0.123509        0.000000
       862.000000       -0.123176        0.000000
       863.000000       -0.123039        0.000000
       864.000000       -0.122609        0.000000
       865.000000       -0.122476        0.000000
       866.000000       -0.122216        0.000000
       867.000000       -0.122167        0.000000
       868.000000       -0.121781        0.000000
       869.000000       -0.121538        0.000000
       870.000000       -0.121364        0.000000
       871.000000       -0.121086        0.000000
       872.000000       -0.120966        0.000000
       873.000000       -0.120604        0.000000
       874.000000       -0.120201        0.000000
       875.000000       -0.119814        0.000000
       876.000000       -0.119293        0.000000
       877.000000       -0.119103        0.000000
       878.000000       -0.118991        0.000000
       879.000000       -0.118521        0.000000
       880.000000       -0.118354        0.000000
       881.000000       -0.118111        0.000000
       882.000000       -0.117822        0.000000
       883.000000       -0.117390        0.000000
       884.000000       -0.117366        0.000000
       885.000000       -0.117208        0.000000
       886.000000       -0.117145        0.000000
       887.000000       -0.116910        0.000000
       888.000000       -0.116643        0.000000
       889.000000       -0.116089        0.000000
       890.000000       -0.115967        0.000000
       891.000000       -0.115562        0.000000
       892.000000       -0.115421        0.000000
       893.000000       -0.115342        0.000000
       894.000000       -0.115149        0.000000
       895.000000       -0.114781        0.000000
       896.000000       -0.114597        0.000000
       897.000000       -0.114306        0.000000
       898.000000       -0.114212        0.000000
       899.000000       -0.114009        0.000000
       900.000000       -0.113828        0.000000
       901.000000       -0.113702        0.000000
       902.000000       -0.113572        0.000000
       903.000000       -0.113417        0.000000
       904.000000       -0.113057        0.000000
       905.000000       -0.112969        0.000000
       906.000000       -0.112650        0.000000
       907.000000       -0.112306        0.000000
       908.000000       -0.112102        0.000000
       909.000000       -0.111971        0.000000
       910.000000       -0.111804        0.000000
       911.000000       -0.111537        0.000000
       912.000000       -0.111467        0.000000
       913.000000       -0.111234        0.000000
       914.000000       -0.110925        0.000000
       915.000000       -0.110817        0.000000
       916.000000       -0.110684        0.000000
       917.000000       -0.110597        0.000000
       918.000000       -0.110345        0.000000
       919.000000       -0.109730        0.000000
       920.000000       -0.109687        0.000000
       921.000000       -0.109591        0.000000
       922.000000       -0.109277        0.000000
       923.000000       -0.109169        0.000000
       924.000000       -0.108998        0.000000
       925.000000       -0.108812        0.000000
       926.000000       -0.108709        0.000000
       927.000000       -0.108202        0.000000
       928.000000       -0.108064        0.000000
       929.000000       -0.107880        0.000000
       930.000000       -0.107667        0.000000
       931.000000       -0.107536        0.000000
       932.000000       -0.107495        0.000000
       933.000000       -0.107320        0.000000
       934.000000       -0.107156        0.000000
       935.000000       -0.106929        0.000000
       936.000000       -0.106789        0.000000
       937.000000       -0.106636        0.000000
       938.000000       -0.106515        0.000000
       939.000000       -0.106425        0.000000
       940.000000       -0.105984        0.000000
       941.000000       -0.105942        0.000000
       942.000000       -0.105756        0.000000
       943.000000       -0.105634        0.000000
       944.000000       -0.105469        0.000000
       945.000000       -0.105243        0.000000
       946.000000       -0.105204        0.000000
       947.000000       -0.105026        0.000000
       948.000000       -0.104912        0.000000
       949.000000       -0.104697        0.000000
       950.000000       -0.104539        0.000000
       951.000000       -0.104465        0.000000
       952.000000       -0.104131        0.000000
       953.000000       -0.104052        0.000000
       954.000000       -0.103838        0.000000
       955.000000       -0.103734        0.000000
       956.000000       -0.103552        0.000000
       957.000000       -0.103196        0.000000
       958.000000       -0.103025        0.000000
       959.000000       -0.102860        0.000000
       960.000000       -0.102694        0.000000
       961.000000       -0.102606        0.000000
       962.000000       -0.102399        0.000000
       963.000000       -0.102250        0.000000
       964.000000       -0.102085        0.000000
       965.000000       -0.101963        0.000000
       966.000000       -0.101652        0.000000
       967.000000       -0.101614        0.000000
       968.000000       -0.101362        0.000000
       969.000000       -0.101299        0.000000
       970.000000       -0.101195        0.000000
       971.000000       -0.101043        0.000000
       972.000000       -0.100845        0.000000
       973.000000       -0.100734        0.000000
       974.000000       -0.100540        0.000000
       975.000000       -0.100470        0.000000
       976.000000       -0.100143        0.000000
       977.000000       -0.100027        0.000000
       978.000000       -0.099919        0.000000
       979.000000       -0.099813        0.000000
       980.000000       -0.099566        0.000000
       981.000000       -0.099507        0.000000
       982.000000       -0.099287        0.000000
       983.000000       -0.099155        0.000000
       984.000000       -0.099132        0.000000
       985.000000       -0.098971        0.000000
       986.000000       -0.098826        0.000000
       987.000000       -0.098617        0.000000
       988.000000       -0.098438        0.000000
       989.000000       -0.098423        0.000000
       990.000000       -0.098305        0.000000
       991.000000       -0.098201        0.000000
       992.000000       -0.098004        0.000000
       993.000000       -0.097741        0.000000
       994.000000       -0.097627        0.000000
       995.000000       -0.097370        0.000000
       996.000000       -0.097280        0.000000
       997.000000       -0.097203        0.000000
       998.000000       -0.097172        0.000000
       999.000000       -0.097016        0.000000
      1000.000000       -0.096830        0.000000
