#            iprt         eigenv.           conv.
         1.000000       -2.038393        0.000000
         2.000000       -0.727040        0.000000
         3.000000       -0.617643        1.000000
         4.000000       -0.617639        1.000000
         5.000000       -0.491699        0.000000
         6.000000       -0.390156        1.000000
         7.000000       -0.390151        1.000000
         8.000000       -0.289318        1.000000
         9.000000       -0.289317        1.000000
        10.000000       -0.265901        1.000000
        11.000000       -0.243080        1.000000
        12.000000       -0.243078        1.000000
        13.000000       -0.221217        0.000000
        14.000000       -0.200109        0.000000
        15.000000       -0.175002        1.000000
        16.000000       -0.175000        0.000000
        17.000000       -0.145315        1.000000
        18.000000       -0.145303        1.000000
        19.000000       -0.139865        1.000000
        20.000000       -0.139863        1.000000
        21.000000       -0.137723        1.000000
        22.000000       -0.137720        1.000000
        23.000000       -0.134454        0.000000
        24.000000       -0.132593        1.000000
        25.000000       -0.132592        0.000000
        26.000000       -0.090954        1.000000
        27.000000       -0.081736        1.000000
        28.000000       -0.081733        1.000000
        29.000000       -0.073463        0.000000
        30.000000       -0.065868        1.000000
        31.000000       -0.065868        1.000000
        32.000000       -0.057208        1.000000
        33.000000       -0.055912        1.000000
        34.000000       -0.055912        1.000000
        35.000000       -0.052028        1.000000
        36.000000       -0.050965        1.000000
        37.000000       -0.050965        1.000000
        38.000000       -0.050149        1.000000
        39.000000       -0.050148        1.000000
        40.000000       -0.049802        1.000000
        41.000000       -0.049801        1.000000
        42.000000       -0.047047        1.000000
        43.000000       -0.047047        1.000000
        44.000000       -0.046645        1.000000
        45.000000       -0.046644        1.000000
        46.000000       -0.040819        1.000000
        47.000000       -0.039159        1.000000
        48.000000       -0.039159        1.000000
        49.000000       -0.037922        1.000000
        50.000000       -0.037918        1.000000
        51.000000       -0.033692        0.000000
        52.000000       -0.030644        1.000000
        53.000000       -0.030148        1.000000
        54.000000       -0.030148        1.000000
        55.000000       -0.028957        1.000000
        56.000000       -0.028956        1.000000
        57.000000       -0.027284        1.000000
        58.000000       -0.027284        1.000000
        59.000000       -0.026119        1.000000
        60.000000       -0.024912        1.000000
        61.000000       -0.024912        1.000000
        62.000000       -0.024402        1.000000
        63.000000       -0.024402        1.000000
        64.000000       -0.023021        1.000000
        65.000000       -0.023020        1.000000
        66.000000       -0.022685        1.000000
        67.000000       -0.022685        1.000000
        68.000000       -0.022666        1.000000
        69.000000       -0.022666        1.000000
        70.000000       -0.022072        1.000000
        71.000000       -0.021898        1.000000
        72.000000       -0.021898        1.000000
        73.000000       -0.021751        1.000000
        74.000000       -0.021751        1.000000
        75.000000       -0.021111        1.000000
        76.000000       -0.020747        1.000000
        77.000000       -0.020747        1.000000
        78.000000       -0.019532        1.000000
        79.000000       -0.019531        1.000000
        80.000000       -0.019375        1.000000
        81.000000       -0.019375        1.000000
        82.000000       -0.017691        1.000000
        83.000000       -0.016754        1.000000
        84.000000       -0.016754        1.000000
        85.000000       -0.016734        1.000000
        86.000000       -0.016731        1.000000
        87.000000       -0.016137        1.000000
        88.000000       -0.015696        1.000000
        89.000000       -0.015696        1.000000
        90.000000       -0.014684        1.000000
        91.000000       -0.014684        1.000000
        92.000000       -0.014325        1.000000
        93.000000       -0.013420        1.000000
        94.000000       -0.013337        1.000000
        95.000000       -0.013337        1.000000
        96.000000       -0.013328        1.000000
        97.000000       -0.013328        1.000000
        98.000000       -0.012391        1.000000
        99.000000       -0.012390        1.000000
       100.000000       -0.012281        1.000000
       101.000000       -0.012281        1.000000
       102.000000       -0.012050        1.000000
       103.000000       -0.012050        1.000000
       104.000000       -0.011797        1.000000
       105.000000       -0.011797        1.000000
       106.000000       -0.011683        1.000000
       107.000000       -0.011683        1.000000
       108.000000       -0.011662        1.000000
       109.000000       -0.011575        1.000000
       110.000000       -0.011575        1.000000
       111.000000       -0.011293        1.000000
       112.000000       -0.011293        1.000000
       113.000000       -0.011251        1.000000
       114.000000       -0.011251        1.000000
       115.000000       -0.011220        1.000000
       116.000000       -0.011220        1.000000
       117.000000       -0.010648        1.000000
       118.000000       -0.010647        1.000000
       119.000000       -0.010204        1.000000
       120.000000       -0.010204        1.000000
       121.000000       -0.010186        1.000000
       122.000000       -0.010185        1.000000
       123.000000       -0.009846        1.000000
       124.000000       -0.009680        1.000000
       125.000000       -0.009546        1.000000
       126.000000       -0.009546        1.000000
       127.000000       -0.009013        1.000000
       128.000000       -0.008817        1.000000
       129.000000       -0.008816        1.000000
       130.000000       -0.008813        1.000000
       131.000000       -0.008812        1.000000
       132.000000       -0.008645        1.000000
       133.000000       -0.008645        1.000000
       134.000000       -0.008381        1.000000
       135.000000       -0.008381        1.000000
       136.000000       -0.008210        1.000000
       137.000000       -0.007783        1.000000
       138.000000       -0.007783        1.000000
       139.000000       -0.007696        1.000000
       140.000000       -0.007696        1.000000
       141.000000       -0.007514        1.000000
       142.000000       -0.007207        1.000000
       143.000000       -0.007207        1.000000
       144.000000       -0.007181        1.000000
       145.000000       -0.007181        1.000000
       146.000000       -0.007176        1.000000
       147.000000       -0.007176        1.000000
       148.000000       -0.007004        1.000000
       149.000000       -0.007002        1.000000
       150.000000       -0.006774        1.000000
       151.000000       -0.006765        1.000000
       152.000000       -0.006765        1.000000
       153.000000       -0.006720        1.000000
       154.000000       -0.006720        1.000000
       155.000000       -0.006578        1.000000
       156.000000       -0.006578        1.000000
       157.000000       -0.006544        1.000000
       158.000000       -0.006544        1.000000
       159.000000       -0.006471        1.000000
       160.000000       -0.006471        1.000000
       161.000000       -0.006373        1.000000
       162.000000       -0.006373        1.000000
       163.000000       -0.006217        1.000000
       164.000000       -0.006217        1.000000
       165.000000       -0.006214        1.000000
       166.000000       -0.006214        1.000000
       167.000000       -0.006168        1.000000
       168.000000       -0.006168        1.000000
       169.000000       -0.006073        1.000000
       170.000000       -0.005820        1.000000
       171.000000       -0.005820        1.000000
       172.000000       -0.005714        1.000000
       173.000000       -0.005604        1.000000
       174.000000       -0.005604        1.000000
       175.000000       -0.005579        1.000000
       176.000000       -0.005579        1.000000
       177.000000       -0.005572        1.000000
       178.000000       -0.005572        0.000000
       179.000000       -0.005340        1.000000
       180.000000       -0.005273        1.000000
       181.000000       -0.005273        0.000000
       182.000000       -0.005204        1.000000
       183.000000       -0.005203        1.000000
       184.000000       -0.005191        0.000000
       185.000000       -0.005190        0.000000
       186.000000       -0.005008        1.000000
       187.000000       -0.005008        1.000000
       188.000000       -0.004858        1.000000
       189.000000       -0.004858        1.000000
       190.000000       -0.004796        1.000000
       191.000000       -0.004794        1.000000
       192.000000       -0.004736        1.000000
       193.000000       -0.004735        1.000000
       194.000000       -0.004712        0.000000
       195.000000       -0.004605        0.000000
       196.000000       -0.004604        0.000000
       197.000000       -0.004475        0.000000
       198.000000       -0.004430        0.000000
       199.000000       -0.004429        0.000000
       200.000000       -0.004356        0.000000
       201.000000       -0.004352        0.000000
       202.000000       -0.004352        0.000000
       203.000000       -0.004336        0.000000
       204.000000       -0.004335        0.000000
       205.000000       -0.004157        0.000000
       206.000000       -0.004157        0.000000
       207.000000       -0.004096        0.000000
       208.000000       -0.004094        0.000000
       209.000000       -0.004029        0.000000
       210.000000       -0.004028        0.000000
       211.000000       -0.003983        0.000000
       212.000000       -0.003981        0.000000
       213.000000       -0.003961        0.000000
       214.000000       -0.003936        0.000000
       215.000000       -0.003936        0.000000
       216.000000       -0.003902        0.000000
       217.000000       -0.003901        0.000000
       218.000000       -0.003889        0.000000
       219.000000       -0.003888        0.000000
       220.000000       -0.003879        0.000000
       221.000000       -0.003878        0.000000
       222.000000       -0.003854        0.000000
       223.000000       -0.003854        0.000000
       224.000000       -0.003701        0.000000
       225.000000       -0.003701        0.000000
       226.000000       -0.003681        0.000000
       227.000000       -0.003680        0.000000
       228.000000       -0.003592        0.000000
       229.000000       -0.003591        0.000000
       230.000000       -0.003591        0.000000
       231.000000       -0.003577        0.000000
       232.000000       -0.003577        0.000000
       233.000000       -0.003493        0.000000
       234.000000       -0.003492        0.000000
       235.000000       -0.003345        0.000000
       236.000000       -0.003316        0.000000
       237.000000       -0.003315        0.000000
       238.000000       -0.003297        0.000000
       239.000000       -0.003297        0.000000
       240.000000       -0.003285        0.000000
       241.000000       -0.003273        0.000000
       242.000000       -0.003272        0.000000
       243.000000       -0.003213        0.000000
       244.000000       -0.003212        0.000000
       245.000000       -0.003185        0.000000
       246.000000       -0.003184        0.000000
       247.000000       -0.003166        0.000000
       248.000000       -0.003165        0.000000
       249.000000       -0.003158        0.000000
       250.000000       -0.003156        0.000000
       251.000000       -0.003144        0.000000
       252.000000       -0.003143        0.000000
       253.000000       -0.003077        0.000000
       254.000000       -0.003076        0.000000
       255.000000       -0.003008        0.000000
       256.000000       -0.003006        0.000000
       257.000000       -0.002875        0.000000
       258.000000       -0.002875        0.000000
       259.000000       -0.002837        0.000000
       260.000000       -0.002836        0.000000
       261.000000       -0.002835        0.000000
       262.000000       -0.002803        0.000000
       263.000000       -0.002767        0.000000
       264.000000       -0.002767        0.000000
       265.000000       -0.002737        0.000000
       266.000000       -0.002736        0.000000
       267.000000       -0.002714        0.000000
       268.000000       -0.002714        0.000000
       269.000000       -0.002679        0.000000
       270.000000       -0.002678        0.000000
       271.000000       -0.002677        0.000000
       272.000000       -0.002671        0.000000
       273.000000       -0.002669        0.000000
       274.000000       -0.002625        0.000000
       275.000000       -0.002624        0.000000
       276.000000       -0.002556        0.000000
       277.000000       -0.002555        0.000000
       278.000000       -0.002541        0.000000
       279.000000       -0.002539        0.000000
       280.000000       -0.002462        0.000000
       281.000000       -0.002461        0.000000
       282.000000       -0.002457        0.000000
       283.000000       -0.002454        0.000000
       284.000000       -0.002420        0.000000
       285.000000       -0.002419        0.000000
       286.000000       -0.002416        0.000000
       287.000000       -0.002415        0.000000
       288.000000       -0.002409        0.000000
       289.000000       -0.002405        0.000000
       290.000000       -0.002379        0.000000
       291.000000       -0.002379        0.000000
       292.000000       -0.002361        0.000000
       293.000000       -0.002337        0.000000
       294.000000       -0.002336        0.000000
       295.000000       -0.002293        0.000000
       296.000000       -0.002292        0.000000
       297.000000       -0.002289        0.000000
       298.000000       -0.002287        0.000000
       299.000000       -0.002261        0.000000
       300.000000       -0.002259        0.000000
       301.000000       -0.002256        0.000000
       302.000000       -0.002253        0.000000
       303.000000       -0.002197        0.000000
       304.000000       -0.002194        0.000000
       305.000000       -0.002154        0.000000
       306.000000       -0.002152        0.000000
       307.000000       -0.002147        0.000000
       308.000000       -0.002142        0.000000
       309.000000       -0.002135        0.000000
       310.000000       -0.002130        0.000000
       311.000000       -0.002106        0.000000
       312.000000       -0.002073        0.000000
       313.000000       -0.002071        0.000000
       314.000000       -0.002062        0.000000
       315.000000       -0.002048        0.000000
       316.000000       -0.002045        0.000000
       317.000000       -0.002030        0.000000
       318.000000       -0.002028        0.000000
       319.000000       -0.002025        0.000000
       320.000000       -0.002007        0.000000
       321.000000       -0.002004        0.000000
       322.000000       -0.001953        0.000000
       323.000000       -0.001940        0.000000
       324.000000       -0.001939        0.000000
       325.000000       -0.001936        0.000000
       326.000000       -0.001934        0.000000
       327.000000       -0.001922        0.000000
       328.000000       -0.001921        0.000000
       329.000000       -0.001887        0.000000
       330.000000       -0.001885        0.000000
       331.000000       -0.001862        0.000000
       332.000000       -0.001860        0.000000
       333.000000       -0.001860        0.000000
       334.000000       -0.001857        0.000000
       335.000000       -0.001853        0.000000
       336.000000       -0.001851        0.000000
       337.000000       -0.001849        0.000000
       338.000000       -0.001844        0.000000
       339.000000       -0.001810        0.000000
       340.000000       -0.001809        0.000000
       341.000000       -0.001766        0.000000
       342.000000       -0.001763        0.000000
       343.000000       -0.001753        0.000000
       344.000000       -0.001752        0.000000
       345.000000       -0.001717        0.000000
       346.000000       -0.001695        0.000000
       347.000000       -0.001694        0.000000
       348.000000       -0.001670        0.000000
       349.000000       -0.001665        0.000000
       350.000000       -0.001662        0.000000
       351.000000       -0.001658        0.000000
       352.000000       -0.001656        0.000000
       353.000000       -0.001651        0.000000
       354.000000       -0.001649        0.000000
       355.000000       -0.001609        0.000000
       356.000000       -0.001607        0.000000
       357.000000       -0.001600        0.000000
       358.000000       -0.001591        0.000000
       359.000000       -0.001586        0.000000
       360.000000       -0.001583        0.000000
       361.000000       -0.001582        0.000000
       362.000000       -0.001579        0.000000
       363.000000       -0.001576        0.000000
       364.000000       -0.001571        0.000000
       365.000000       -0.001569        0.000000
       366.000000       -0.001557        0.000000
       367.000000       -0.001546        0.000000
       368.000000       -0.001543        0.000000
       369.000000       -0.001541        0.000000
       370.000000       -0.001533        0.000000
       371.000000       -0.001527        0.000000
       372.000000       -0.001525        0.000000
       373.000000       -0.001521        0.000000
       374.000000       -0.001514        0.000000
       375.000000       -0.001513        0.000000
       376.000000       -0.001505        0.000000
       377.000000       -0.001496        0.000000
       378.000000       -0.001462        0.000000
       379.000000       -0.001455        0.000000
       380.000000       -0.001428        0.000000
       381.000000       -0.001421        0.000000
       382.000000       -0.001417        0.000000
       383.000000       -0.001415        0.000000
       384.000000       -0.001412        0.000000
       385.000000       -0.001401        0.000000
       386.000000       -0.001394        0.000000
       387.000000       -0.001393        0.000000
       388.000000       -0.001391        0.000000
       389.000000       -0.001386        0.000000
       390.000000       -0.001378        0.000000
       391.000000       -0.001339        0.000000
       392.000000       -0.001335        0.000000
       393.000000       -0.001331        0.000000
       394.000000       -0.001330        0.000000
       395.000000       -0.001322        0.000000
       396.000000       -0.001319        0.000000
       397.000000       -0.001315        0.000000
       398.000000       -0.001313        0.000000
       399.000000       -0.001309        0.000000
       400.000000       -0.001309        0.000000
       401.000000       -0.001303        0.000000
       402.000000       -0.001301        0.000000
       403.000000       -0.001298        0.000000
       404.000000       -0.001294        0.000000
       405.000000       -0.001292        0.000000
       406.000000       -0.001288        0.000000
       407.000000       -0.001281        0.000000
       408.000000       -0.001277        0.000000
       409.000000       -0.001264        0.000000
       410.000000       -0.001256        0.000000
       411.000000       -0.001249        0.000000
       412.000000       -0.001244        0.000000
       413.000000       -0.001238        0.000000
       414.000000       -0.001233        0.000000
       415.000000       -0.001227        0.000000
       416.000000       -0.001200        0.000000
       417.000000       -0.001196        0.000000
       418.000000       -0.001188        0.000000
       419.000000       -0.001183        0.000000
       420.000000       -0.001172        0.000000
       421.000000       -0.001171        0.000000
       422.000000       -0.001157        0.000000
       423.000000       -0.001153        0.000000
       424.000000       -0.001151        0.000000
       425.000000       -0.001143        0.000000
       426.000000       -0.001139        0.000000
       427.000000       -0.001134        0.000000
       428.000000       -0.001128        0.000000
       429.000000       -0.001121        0.000000
       430.000000       -0.001116        0.000000
       431.000000       -0.001109        0.000000
       432.000000       -0.001106        0.000000
       433.000000       -0.001102        0.000000
       434.000000       -0.001097        0.000000
       435.000000       -0.001096        0.000000
       436.000000       -0.001090        0.000000
       437.000000       -0.001086        0.000000
       438.000000       -0.001077        0.000000
       439.000000       -0.001076        0.000000
       440.000000       -0.001074        0.000000
       441.000000       -0.001063        0.000000
       442.000000       -0.001062        0.000000
       443.000000       -0.001056        0.000000
       444.000000       -0.001052        0.000000
       445.000000       -0.001051        0.000000
       446.000000       -0.001047        0.000000
       447.000000       -0.001042        0.000000
       448.000000       -0.001038        0.000000
       449.000000       -0.001027        0.000000
       450.000000       -0.001025        0.000000
       451.000000       -0.001018        0.000000
       452.000000       -0.001014        0.000000
       453.000000       -0.001008        0.000000
       454.000000       -0.001004        0.000000
       455.000000       -0.000998        0.000000
       456.000000       -0.000991        0.000000
       457.000000       -0.000988        0.000000
       458.000000       -0.000977        0.000000
       459.000000       -0.000972        0.000000
       460.000000       -0.000964        0.000000
       461.000000       -0.000962        0.000000
       462.000000       -0.000960        0.000000
       463.000000       -0.000957        0.000000
       464.000000       -0.000954        0.000000
       465.000000       -0.000952        0.000000
       466.000000       -0.000950        0.000000
       467.000000       -0.000944        0.000000
       468.000000       -0.000943        0.000000
       469.000000       -0.000938        0.000000
       470.000000       -0.000931        0.000000
       471.000000       -0.000925        0.000000
       472.000000       -0.000923        0.000000
       473.000000       -0.000920        0.000000
       474.000000       -0.000919        0.000000
       475.000000       -0.000911        0.000000
       476.000000       -0.000910        0.000000
       477.000000       -0.000905        0.000000
       478.000000       -0.000904        0.000000
       479.000000       -0.000902        0.000000
       480.000000       -0.000897        0.000000
       481.000000       -0.000893        0.000000
       482.000000       -0.000892        0.000000
       483.000000       -0.000872        0.000000
       484.000000       -0.000871        0.000000
       485.000000       -0.000862        0.000000
       486.000000       -0.000858        0.000000
       487.000000       -0.000856        0.000000
       488.000000       -0.000853        0.000000
       489.000000       -0.000846        0.000000
       490.000000       -0.000843        0.000000
       491.000000       -0.000839        0.000000
       492.000000       -0.000836        0.000000
       493.000000       -0.000831        0.000000
       494.000000       -0.000829        0.000000
       495.000000       -0.000828        0.000000
       496.000000       -0.000821        0.000000
       497.000000       -0.000818        0.000000
       498.000000       -0.000813        0.000000
       499.000000       -0.000808        0.000000
       500.000000       -0.000805        0.000000
