#            iprt         eigenv.           conv.
         1.000000       -2.038393        1.000000
         2.000000       -0.727040        1.000000
         3.000000       -0.617643        1.000000
         4.000000       -0.617639        1.000000
         5.000000       -0.491699        1.000000
         6.000000       -0.390156        1.000000
         7.000000       -0.390151        1.000000
         8.000000       -0.289318        1.000000
         9.000000       -0.289317        1.000000
        10.000000       -0.265901        1.000000
        11.000000       -0.243080        1.000000
        12.000000       -0.243078        1.000000
        13.000000       -0.221217        1.000000
        14.000000       -0.200109        1.000000
        15.000000       -0.175002        1.000000
        16.000000       -0.175000        1.000000
        17.000000       -0.145315        1.000000
        18.000000       -0.145303        1.000000
        19.000000       -0.139865        1.000000
        20.000000       -0.139863        1.000000
        21.000000       -0.137723        1.000000
        22.000000       -0.137720        1.000000
        23.000000       -0.134454        1.000000
        24.000000       -0.132593        1.000000
        25.000000       -0.132592        1.000000
        26.000000       -0.090954        1.000000
        27.000000       -0.081736        1.000000
        28.000000       -0.081733        1.000000
        29.000000       -0.073463        1.000000
        30.000000       -0.065868        1.000000
        31.000000       -0.065868        1.000000
        32.000000       -0.057208        1.000000
        33.000000       -0.055912        1.000000
        34.000000       -0.055912        1.000000
        35.000000       -0.052028        1.000000
        36.000000       -0.050965        1.000000
        37.000000       -0.050965        1.000000
        38.000000       -0.050149        1.000000
        39.000000       -0.050148        1.000000
        40.000000       -0.049802        1.000000
        41.000000       -0.049801        1.000000
        42.000000       -0.047047        1.000000
        43.000000       -0.047047        1.000000
        44.000000       -0.046645        1.000000
        45.000000       -0.046644        1.000000
        46.000000       -0.040819        1.000000
        47.000000       -0.039159        1.000000
        48.000000       -0.039159        1.000000
        49.000000       -0.037922        1.000000
        50.000000       -0.037918        1.000000
        51.000000       -0.033692        1.000000
        52.000000       -0.030644        1.000000
        53.000000       -0.030148        1.000000
        54.000000       -0.030148        1.000000
        55.000000       -0.028957        1.000000
        56.000000       -0.028956        1.000000
        57.000000       -0.027284        1.000000
        58.000000       -0.027284        1.000000
        59.000000       -0.026119        1.000000
        60.000000       -0.024912        1.000000
        61.000000       -0.024912        1.000000
        62.000000       -0.024402        1.000000
        63.000000       -0.024402        1.000000
        64.000000       -0.023021        1.000000
        65.000000       -0.023020        1.000000
        66.000000       -0.022685        1.000000
        67.000000       -0.022685        1.000000
        68.000000       -0.022666        1.000000
        69.000000       -0.022666        1.000000
        70.000000       -0.022072        1.000000
        71.000000       -0.021898        1.000000
        72.000000       -0.021898        1.000000
        73.000000       -0.021751        1.000000
        74.000000       -0.021751        1.000000
        75.000000       -0.021111        1.000000
        76.000000       -0.020748        1.000000
        77.000000       -0.020747        1.000000
        78.000000       -0.019532        1.000000
        79.000000       -0.019531        1.000000
        80.000000       -0.019375        1.000000
        81.000000       -0.019375        1.000000
        82.000000       -0.017692        1.000000
        83.000000       -0.016754        1.000000
        84.000000       -0.016754        1.000000
        85.000000       -0.016734        1.000000
        86.000000       -0.016731        1.000000
        87.000000       -0.016137        1.000000
        88.000000       -0.015696        1.000000
        89.000000       -0.015696        1.000000
        90.000000       -0.014684        1.000000
        91.000000       -0.014684        1.000000
        92.000000       -0.014325        1.000000
        93.000000       -0.013420        1.000000
        94.000000       -0.013337        1.000000
        95.000000       -0.013337        1.000000
        96.000000       -0.013328        1.000000
        97.000000       -0.013328        1.000000
        98.000000       -0.012391        1.000000
        99.000000       -0.012391        1.000000
       100.000000       -0.012281        1.000000
       101.000000       -0.012281        1.000000
       102.000000       -0.012050        1.000000
       103.000000       -0.012050        1.000000
       104.000000       -0.011797        1.000000
       105.000000       -0.011797        1.000000
       106.000000       -0.011683        1.000000
       107.000000       -0.011683        1.000000
       108.000000       -0.011662        1.000000
       109.000000       -0.011575        1.000000
       110.000000       -0.011575        1.000000
       111.000000       -0.011293        1.000000
       112.000000       -0.011293        1.000000
       113.000000       -0.011251        1.000000
       114.000000       -0.011251        1.000000
       115.000000       -0.011220        1.000000
       116.000000       -0.011220        1.000000
       117.000000       -0.010648        1.000000
       118.000000       -0.010647        1.000000
       119.000000       -0.010205        1.000000
       120.000000       -0.010205        1.000000
       121.000000       -0.010186        1.000000
       122.000000       -0.010185        1.000000
       123.000000       -0.009846        1.000000
       124.000000       -0.009681        1.000000
       125.000000       -0.009546        1.000000
       126.000000       -0.009546        1.000000
       127.000000       -0.009013        1.000000
       128.000000       -0.008817        1.000000
       129.000000       -0.008817        1.000000
       130.000000       -0.008813        1.000000
       131.000000       -0.008812        1.000000
       132.000000       -0.008645        1.000000
       133.000000       -0.008645        1.000000
       134.000000       -0.008381        1.000000
       135.000000       -0.008381        1.000000
       136.000000       -0.008210        1.000000
       137.000000       -0.007783        1.000000
       138.000000       -0.007783        1.000000
       139.000000       -0.007696        1.000000
       140.000000       -0.007696        1.000000
       141.000000       -0.007514        1.000000
       142.000000       -0.007208        1.000000
       143.000000       -0.007207        1.000000
       144.000000       -0.007182        1.000000
       145.000000       -0.007181        1.000000
       146.000000       -0.007176        1.000000
       147.000000       -0.007176        1.000000
       148.000000       -0.007004        1.000000
       149.000000       -0.007002        1.000000
       150.000000       -0.006775        1.000000
       151.000000       -0.006765        1.000000
       152.000000       -0.006765        1.000000
       153.000000       -0.006720        1.000000
       154.000000       -0.006720        1.000000
       155.000000       -0.006578        1.000000
       156.000000       -0.006578        1.000000
       157.000000       -0.006545        1.000000
       158.000000       -0.006545        1.000000
       159.000000       -0.006471        1.000000
       160.000000       -0.006471        1.000000
       161.000000       -0.006374        1.000000
       162.000000       -0.006374        1.000000
       163.000000       -0.006218        1.000000
       164.000000       -0.006218        1.000000
       165.000000       -0.006214        1.000000
       166.000000       -0.006214        1.000000
       167.000000       -0.006169        1.000000
       168.000000       -0.006168        1.000000
       169.000000       -0.006074        1.000000
       170.000000       -0.005820        1.000000
       171.000000       -0.005820        1.000000
       172.000000       -0.005715        1.000000
       173.000000       -0.005605        1.000000
       174.000000       -0.005604        1.000000
       175.000000       -0.005579        1.000000
       176.000000       -0.005579        1.000000
       177.000000       -0.005573        1.000000
       178.000000       -0.005573        1.000000
       179.000000       -0.005341        1.000000
       180.000000       -0.005274        1.000000
       181.000000       -0.005274        1.000000
       182.000000       -0.005204        1.000000
       183.000000       -0.005204        1.000000
       184.000000       -0.005192        1.000000
       185.000000       -0.005191        1.000000
       186.000000       -0.005009        1.000000
       187.000000       -0.005009        1.000000
       188.000000       -0.004859        1.000000
       189.000000       -0.004859        1.000000
       190.000000       -0.004797        1.000000
       191.000000       -0.004795        1.000000
       192.000000       -0.004737        1.000000
       193.000000       -0.004737        1.000000
       194.000000       -0.004713        1.000000
       195.000000       -0.004606        1.000000
       196.000000       -0.004606        1.000000
       197.000000       -0.004477        1.000000
       198.000000       -0.004431        1.000000
       199.000000       -0.004431        1.000000
       200.000000       -0.004358        1.000000
       201.000000       -0.004353        1.000000
       202.000000       -0.004353        1.000000
       203.000000       -0.004337        1.000000
       204.000000       -0.004337        1.000000
       205.000000       -0.004159        1.000000
       206.000000       -0.004159        1.000000
       207.000000       -0.004097        1.000000
       208.000000       -0.004097        1.000000
       209.000000       -0.004031        1.000000
       210.000000       -0.004030        1.000000
       211.000000       -0.003984        1.000000
       212.000000       -0.003984        1.000000
       213.000000       -0.003964        1.000000
       214.000000       -0.003938        1.000000
       215.000000       -0.003938        1.000000
       216.000000       -0.003904        1.000000
       217.000000       -0.003904        1.000000
       218.000000       -0.003891        1.000000
       219.000000       -0.003890        1.000000
       220.000000       -0.003880        1.000000
       221.000000       -0.003880        1.000000
       222.000000       -0.003856        1.000000
       223.000000       -0.003856        1.000000
       224.000000       -0.003704        1.000000
       225.000000       -0.003703        1.000000
       226.000000       -0.003683        1.000000
       227.000000       -0.003683        1.000000
       228.000000       -0.003595        1.000000
       229.000000       -0.003594        1.000000
       230.000000       -0.003594        1.000000
       231.000000       -0.003580        1.000000
       232.000000       -0.003580        1.000000
       233.000000       -0.003495        1.000000
       234.000000       -0.003495        1.000000
       235.000000       -0.003349        1.000000
       236.000000       -0.003319        1.000000
       237.000000       -0.003319        1.000000
       238.000000       -0.003300        1.000000
       239.000000       -0.003300        1.000000
       240.000000       -0.003289        1.000000
       241.000000       -0.003276        1.000000
       242.000000       -0.003276        1.000000
       243.000000       -0.003216        1.000000
       244.000000       -0.003216        1.000000
       245.000000       -0.003187        1.000000
       246.000000       -0.003187        1.000000
       247.000000       -0.003168        1.000000
       248.000000       -0.003168        1.000000
       249.000000       -0.003162        1.000000
       250.000000       -0.003162        1.000000
       251.000000       -0.003147        1.000000
       252.000000       -0.003146        1.000000
       253.000000       -0.003081        1.000000
       254.000000       -0.003080        1.000000
       255.000000       -0.003011        1.000000
       256.000000       -0.003011        1.000000
       257.000000       -0.002880        1.000000
       258.000000       -0.002880        1.000000
       259.000000       -0.002842        1.000000
       260.000000       -0.002842        1.000000
       261.000000       -0.002841        1.000000
       262.000000       -0.002809        1.000000
       263.000000       -0.002772        1.000000
       264.000000       -0.002772        1.000000
       265.000000       -0.002741        1.000000
       266.000000       -0.002740        1.000000
       267.000000       -0.002718        1.000000
       268.000000       -0.002718        1.000000
       269.000000       -0.002684        1.000000
       270.000000       -0.002683        1.000000
       271.000000       -0.002683        1.000000
       272.000000       -0.002677        1.000000
       273.000000       -0.002677        1.000000
       274.000000       -0.002630        1.000000
       275.000000       -0.002630        1.000000
       276.000000       -0.002563        1.000000
       277.000000       -0.002563        1.000000
       278.000000       -0.002548        1.000000
       279.000000       -0.002548        1.000000
       280.000000       -0.002468        1.000000
       281.000000       -0.002468        1.000000
       282.000000       -0.002464        1.000000
       283.000000       -0.002464        1.000000
       284.000000       -0.002428        1.000000
       285.000000       -0.002428        1.000000
       286.000000       -0.002424        1.000000
       287.000000       -0.002424        1.000000
       288.000000       -0.002417        1.000000
       289.000000       -0.002417        1.000000
       290.000000       -0.002384        1.000000
       291.000000       -0.002384        1.000000
       292.000000       -0.002370        1.000000
       293.000000       -0.002344        1.000000
       294.000000       -0.002344        1.000000
       295.000000       -0.002301        1.000000
       296.000000       -0.002301        1.000000
       297.000000       -0.002294        1.000000
       298.000000       -0.002294        1.000000
       299.000000       -0.002271        1.000000
       300.000000       -0.002271        1.000000
       301.000000       -0.002261        1.000000
       302.000000       -0.002260        1.000000
       303.000000       -0.002206        1.000000
       304.000000       -0.002206        1.000000
       305.000000       -0.002163        1.000000
       306.000000       -0.002163        1.000000
       307.000000       -0.002155        1.000000
       308.000000       -0.002155        1.000000
       309.000000       -0.002144        1.000000
       310.000000       -0.002143        1.000000
       311.000000       -0.002115        1.000000
       312.000000       -0.002082        1.000000
       313.000000       -0.002082        1.000000
       314.000000       -0.002075        1.000000
       315.000000       -0.002060        1.000000
       316.000000       -0.002060        1.000000
       317.000000       -0.002040        1.000000
       318.000000       -0.002039        1.000000
       319.000000       -0.002039        1.000000
       320.000000       -0.002022        1.000000
       321.000000       -0.002022        1.000000
       322.000000       -0.001965        1.000000
       323.000000       -0.001952        1.000000
       324.000000       -0.001952        1.000000
       325.000000       -0.001949        1.000000
       326.000000       -0.001949        1.000000
       327.000000       -0.001932        1.000000
       328.000000       -0.001932        1.000000
       329.000000       -0.001898        1.000000
       330.000000       -0.001897        1.000000
       331.000000       -0.001872        1.000000
       332.000000       -0.001872        1.000000
       333.000000       -0.001869        1.000000
       334.000000       -0.001868        1.000000
       335.000000       -0.001867        1.000000
       336.000000       -0.001866        1.000000
       337.000000       -0.001860        1.000000
       338.000000       -0.001860        1.000000
       339.000000       -0.001817        1.000000
       340.000000       -0.001817        1.000000
       341.000000       -0.001779        1.000000
       342.000000       -0.001779        1.000000
       343.000000       -0.001776        1.000000
       344.000000       -0.001776        1.000000
       345.000000       -0.001733        1.000000
       346.000000       -0.001717        1.000000
       347.000000       -0.001717        1.000000
       348.000000       -0.001691        1.000000
       349.000000       -0.001691        1.000000
       350.000000       -0.001682        1.000000
       351.000000       -0.001681        1.000000
       352.000000       -0.001672        1.000000
       353.000000       -0.001665        1.000000
       354.000000       -0.001665        1.000000
       355.000000       -0.001627        1.000000
       356.000000       -0.001627        1.000000
       357.000000       -0.001624        1.000000
       358.000000       -0.001624        1.000000
       359.000000       -0.001599        1.000000
       360.000000       -0.001599        1.000000
       361.000000       -0.001598        1.000000
       362.000000       -0.001595        1.000000
       363.000000       -0.001595        1.000000
       364.000000       -0.001582        1.000000
       365.000000       -0.001581        1.000000
       366.000000       -0.001580        1.000000
       367.000000       -0.001579        1.000000
       368.000000       -0.001561        1.000000
       369.000000       -0.001561        1.000000
       370.000000       -0.001557        1.000000
       371.000000       -0.001557        1.000000
       372.000000       -0.001553        1.000000
       373.000000       -0.001552        1.000000
       374.000000       -0.001529        1.000000
       375.000000       -0.001529        1.000000
       376.000000       -0.001524        1.000000
       377.000000       -0.001524        1.000000
       378.000000       -0.001487        1.000000
       379.000000       -0.001487        1.000000
       380.000000       -0.001456        1.000000
       381.000000       -0.001445        1.000000
       382.000000       -0.001445        1.000000
       383.000000       -0.001424        1.000000
       384.000000       -0.001423        1.000000
       385.000000       -0.001420        1.000000
       386.000000       -0.001420        1.000000
       387.000000       -0.001416        1.000000
       388.000000       -0.001416        1.000000
       389.000000       -0.001412        1.000000
       390.000000       -0.001412        1.000000
       391.000000       -0.001363        1.000000
       392.000000       -0.001363        1.000000
       393.000000       -0.001361        1.000000
       394.000000       -0.001361        1.000000
       395.000000       -0.001356        1.000000
       396.000000       -0.001342        1.000000
       397.000000       -0.001342        1.000000
       398.000000       -0.001335        1.000000
       399.000000       -0.001335        1.000000
       400.000000       -0.001334        1.000000
       401.000000       -0.001334        1.000000
       402.000000       -0.001327        1.000000
       403.000000       -0.001327        1.000000
       404.000000       -0.001319        1.000000
       405.000000       -0.001319        1.000000
       406.000000       -0.001318        1.000000
       407.000000       -0.001318        1.000000
       408.000000       -0.001317        1.000000
       409.000000       -0.001301        1.000000
       410.000000       -0.001301        1.000000
       411.000000       -0.001283        1.000000
       412.000000       -0.001283        1.000000
       413.000000       -0.001268        1.000000
       414.000000       -0.001263        1.000000
       415.000000       -0.001263        1.000000
       416.000000       -0.001239        1.000000
       417.000000       -0.001239        1.000000
       418.000000       -0.001232        1.000000
       419.000000       -0.001232        1.000000
       420.000000       -0.001200        1.000000
       421.000000       -0.001200        1.000000
       422.000000       -0.001195        1.000000
       423.000000       -0.001191        1.000000
       424.000000       -0.001191        1.000000
       425.000000       -0.001185        1.000000
       426.000000       -0.001185        1.000000
       427.000000       -0.001170        1.000000
       428.000000       -0.001169        1.000000
       429.000000       -0.001150        1.000000
       430.000000       -0.001149        1.000000
       431.000000       -0.001145        1.000000
       432.000000       -0.001145        1.000000
       433.000000       -0.001134        1.000000
       434.000000       -0.001134        1.000000
       435.000000       -0.001126        1.000000
       436.000000       -0.001126        1.000000
       437.000000       -0.001125        1.000000
       438.000000       -0.001125        1.000000
       439.000000       -0.001102        1.000000
       440.000000       -0.001101        1.000000
       441.000000       -0.001094        1.000000
       442.000000       -0.001092        1.000000
       443.000000       -0.001092        1.000000
       444.000000       -0.001086        1.000000
       445.000000       -0.001086        1.000000
       446.000000       -0.001085        1.000000
       447.000000       -0.001085        1.000000
       448.000000       -0.001072        1.000000
       449.000000       -0.001071        1.000000
       450.000000       -0.001069        1.000000
       451.000000       -0.001069        1.000000
       452.000000       -0.001065        1.000000
       453.000000       -0.001064        1.000000
       454.000000       -0.001057        1.000000
       455.000000       -0.001056        1.000000
       456.000000       -0.001042        1.000000
       457.000000       -0.001041        1.000000
       458.000000       -0.001039        1.000000
       459.000000       -0.001038        1.000000
       460.000000       -0.001026        1.000000
       461.000000       -0.001025        1.000000
       462.000000       -0.001023        1.000000
       463.000000       -0.001022        1.000000
       464.000000       -0.001006        1.000000
       465.000000       -0.001006        1.000000
       466.000000       -0.001004        1.000000
       467.000000       -0.000997        1.000000
       468.000000       -0.000997        1.000000
       469.000000       -0.000993        1.000000
       470.000000       -0.000993        1.000000
       471.000000       -0.000968        1.000000
       472.000000       -0.000968        1.000000
       473.000000       -0.000955        1.000000
       474.000000       -0.000954        1.000000
       475.000000       -0.000954        1.000000
       476.000000       -0.000954        1.000000
       477.000000       -0.000951        1.000000
       478.000000       -0.000951        1.000000
       479.000000       -0.000950        1.000000
       480.000000       -0.000946        1.000000
       481.000000       -0.000946        1.000000
       482.000000       -0.000933        1.000000
       483.000000       -0.000933        1.000000
       484.000000       -0.000928        1.000000
       485.000000       -0.000920        1.000000
       486.000000       -0.000919        1.000000
       487.000000       -0.000918        1.000000
       488.000000       -0.000912        1.000000
       489.000000       -0.000911        1.000000
       490.000000       -0.000905        1.000000
       491.000000       -0.000904        1.000000
       492.000000       -0.000895        1.000000
       493.000000       -0.000892        1.000000
       494.000000       -0.000878        1.000000
       495.000000       -0.000877        1.000000
       496.000000       -0.000873        1.000000
       497.000000       -0.000873        1.000000
       498.000000       -0.000869        1.000000
       499.000000       -0.000867        1.000000
       500.000000       -0.000866        1.000000
