#            iprt         eigenv.           conv.
         1.000000       -2.412801        0.000000
         2.000000       -1.865503        0.000000
         3.000000       -1.006634        0.000000
         4.000000       -0.937929        1.000000
         5.000000       -0.846570        0.000000
         6.000000       -0.781471        0.000000
         7.000000       -0.740369        1.000000
         8.000000       -0.674531        0.000000
         9.000000       -0.643658        1.000000
        10.000000       -0.615463        0.000000
        11.000000       -0.570193        1.000000
        12.000000       -0.474786        0.000000
        13.000000       -0.440981        1.000000
        14.000000       -0.412203        0.000000
        15.000000       -0.404222        1.000000
        16.000000       -0.403980        0.000000
        17.000000       -0.368175        1.000000
        18.000000       -0.342211        1.000000
        19.000000       -0.327371        0.000000
        20.000000       -0.309150        0.000000
        21.000000       -0.296188        0.000000
        22.000000       -0.295483        0.000000
        23.000000       -0.280948        0.000000
        24.000000       -0.279306        0.000000
        25.000000       -0.270175        0.000000
        26.000000       -0.236484        0.000000
        27.000000       -0.228573        1.000000
        28.000000       -0.227022        0.000000
        29.000000       -0.217330        0.000000
        30.000000       -0.210315        0.000000
        31.000000       -0.203638        0.000000
        32.000000       -0.193716        0.000000
        33.000000       -0.190003        0.000000
        34.000000       -0.187141        0.000000
        35.000000       -0.170444        1.000000
        36.000000       -0.170099        0.000000
        37.000000       -0.154973        0.000000
        38.000000       -0.151880        1.000000
        39.000000       -0.151630        1.000000
        40.000000       -0.151076        1.000000
        41.000000       -0.147486        1.000000
        42.000000       -0.142713        0.000000
        43.000000       -0.132993        1.000000
        44.000000       -0.130216        0.000000
        45.000000       -0.120024        0.000000
        46.000000       -0.117594        1.000000
        47.000000       -0.111519        1.000000
        48.000000       -0.107784        1.000000
        49.000000       -0.102964        1.000000
        50.000000       -0.102792        0.000000
        51.000000       -0.102184        1.000000
        52.000000       -0.095752        1.000000
        53.000000       -0.089860        1.000000
        54.000000       -0.087852        1.000000
        55.000000       -0.086990        1.000000
        56.000000       -0.085871        1.000000
        57.000000       -0.079999        1.000000
        58.000000       -0.078168        1.000000
        59.000000       -0.077952        1.000000
        60.000000       -0.074688        1.000000
        61.000000       -0.072657        1.000000
        62.000000       -0.072195        1.000000
        63.000000       -0.071721        1.000000
        64.000000       -0.069351        1.000000
        65.000000       -0.066977        1.000000
        66.000000       -0.065110        1.000000
        67.000000       -0.064885        1.000000
        68.000000       -0.063218        1.000000
        69.000000       -0.062165        1.000000
        70.000000       -0.060014        1.000000
        71.000000       -0.059401        1.000000
        72.000000       -0.058860        1.000000
        73.000000       -0.058729        1.000000
        74.000000       -0.057652        1.000000
        75.000000       -0.057449        1.000000
        76.000000       -0.056315        1.000000
        77.000000       -0.054472        1.000000
        78.000000       -0.054245        1.000000
        79.000000       -0.053252        1.000000
        80.000000       -0.053124        1.000000
        81.000000       -0.052667        1.000000
        82.000000       -0.051373        0.000000
        83.000000       -0.050853        0.000000
        84.000000       -0.049703        1.000000
        85.000000       -0.049248        1.000000
        86.000000       -0.048143        1.000000
        87.000000       -0.048063        1.000000
        88.000000       -0.046600        0.000000
        89.000000       -0.045741        1.000000
        90.000000       -0.045141        1.000000
        91.000000       -0.043860        1.000000
        92.000000       -0.043664        0.000000
        93.000000       -0.043140        1.000000
        94.000000       -0.042323        0.000000
        95.000000       -0.041435        1.000000
        96.000000       -0.040869        0.000000
        97.000000       -0.038934        1.000000
        98.000000       -0.038835        0.000000
        99.000000       -0.038071        1.000000
       100.000000       -0.037753        0.000000
       101.000000       -0.036975        0.000000
       102.000000       -0.036558        0.000000
       103.000000       -0.035336        1.000000
       104.000000       -0.034556        1.000000
       105.000000       -0.034254        1.000000
       106.000000       -0.033751        1.000000
       107.000000       -0.033608        0.000000
       108.000000       -0.033177        0.000000
       109.000000       -0.032424        1.000000
       110.000000       -0.032169        1.000000
       111.000000       -0.032060        0.000000
       112.000000       -0.031567        1.000000
       113.000000       -0.031449        0.000000
       114.000000       -0.031036        1.000000
       115.000000       -0.030632        0.000000
       116.000000       -0.030278        1.000000
       117.000000       -0.030181        0.000000
       118.000000       -0.029327        0.000000
       119.000000       -0.029139        0.000000
       120.000000       -0.029100        0.000000
       121.000000       -0.028537        0.000000
       122.000000       -0.028383        0.000000
       123.000000       -0.028047        0.000000
       124.000000       -0.028009        0.000000
       125.000000       -0.027415        0.000000
       126.000000       -0.026718        0.000000
       127.000000       -0.026443        1.000000
       128.000000       -0.026377        0.000000
       129.000000       -0.026289        0.000000
       130.000000       -0.025719        0.000000
       131.000000       -0.025447        1.000000
       132.000000       -0.025393        1.000000
       133.000000       -0.025308        0.000000
       134.000000       -0.025201        0.000000
       135.000000       -0.025087        0.000000
       136.000000       -0.024957        0.000000
       137.000000       -0.024488        0.000000
       138.000000       -0.024317        0.000000
       139.000000       -0.024177        0.000000
       140.000000       -0.023736        0.000000
       141.000000       -0.023621        0.000000
       142.000000       -0.023591        0.000000
       143.000000       -0.023484        0.000000
       144.000000       -0.023240        0.000000
       145.000000       -0.022978        0.000000
       146.000000       -0.022835        0.000000
       147.000000       -0.022791        0.000000
       148.000000       -0.022429        0.000000
       149.000000       -0.022290        0.000000
       150.000000       -0.021587        1.000000
       151.000000       -0.021566        0.000000
       152.000000       -0.021455        0.000000
       153.000000       -0.020996        0.000000
       154.000000       -0.020753        0.000000
       155.000000       -0.020542        0.000000
       156.000000       -0.020538        0.000000
       157.000000       -0.020415        0.000000
       158.000000       -0.020040        0.000000
       159.000000       -0.019939        0.000000
       160.000000       -0.019823        0.000000
       161.000000       -0.019655        0.000000
       162.000000       -0.019465        0.000000
       163.000000       -0.019264        0.000000
       164.000000       -0.019255        0.000000
       165.000000       -0.018875        0.000000
       166.000000       -0.018558        0.000000
       167.000000       -0.018441        0.000000
       168.000000       -0.018347        0.000000
       169.000000       -0.017912        0.000000
       170.000000       -0.017775        0.000000
       171.000000       -0.017745        0.000000
       172.000000       -0.017527        0.000000
       173.000000       -0.017486        0.000000
       174.000000       -0.017314        0.000000
       175.000000       -0.017111        0.000000
       176.000000       -0.017109        0.000000
       177.000000       -0.017021        0.000000
       178.000000       -0.016918        0.000000
       179.000000       -0.016728        0.000000
       180.000000       -0.016703        0.000000
       181.000000       -0.016508        0.000000
       182.000000       -0.016321        0.000000
       183.000000       -0.016214        0.000000
       184.000000       -0.016133        0.000000
       185.000000       -0.016095        0.000000
       186.000000       -0.015684        0.000000
       187.000000       -0.015645        0.000000
       188.000000       -0.015631        0.000000
       189.000000       -0.015537        0.000000
       190.000000       -0.015378        0.000000
       191.000000       -0.015254        0.000000
       192.000000       -0.015019        0.000000
       193.000000       -0.014944        0.000000
       194.000000       -0.014890        0.000000
       195.000000       -0.014795        0.000000
       196.000000       -0.014669        0.000000
       197.000000       -0.014616        0.000000
       198.000000       -0.014564        0.000000
       199.000000       -0.014456        0.000000
       200.000000       -0.014357        0.000000
       201.000000       -0.014319        0.000000
       202.000000       -0.014233        0.000000
       203.000000       -0.014125        0.000000
       204.000000       -0.013975        0.000000
       205.000000       -0.013795        0.000000
       206.000000       -0.013708        0.000000
       207.000000       -0.013694        0.000000
       208.000000       -0.013513        0.000000
       209.000000       -0.013469        0.000000
       210.000000       -0.013445        0.000000
       211.000000       -0.013360        0.000000
       212.000000       -0.013358        0.000000
       213.000000       -0.013167        0.000000
       214.000000       -0.013146        0.000000
       215.000000       -0.013028        0.000000
       216.000000       -0.013007        0.000000
       217.000000       -0.012932        0.000000
       218.000000       -0.012758        0.000000
       219.000000       -0.012701        0.000000
       220.000000       -0.012583        0.000000
       221.000000       -0.012545        0.000000
       222.000000       -0.012392        0.000000
       223.000000       -0.012350        0.000000
       224.000000       -0.012342        0.000000
       225.000000       -0.012246        0.000000
       226.000000       -0.012173        0.000000
       227.000000       -0.012041        0.000000
       228.000000       -0.012024        0.000000
       229.000000       -0.011944        0.000000
       230.000000       -0.011883        0.000000
       231.000000       -0.011875        0.000000
       232.000000       -0.011806        0.000000
       233.000000       -0.011702        0.000000
       234.000000       -0.011685        0.000000
       235.000000       -0.011561        0.000000
       236.000000       -0.011405        0.000000
       237.000000       -0.011352        0.000000
       238.000000       -0.011347        0.000000
       239.000000       -0.011251        0.000000
       240.000000       -0.011170        0.000000
       241.000000       -0.011039        0.000000
       242.000000       -0.010998        0.000000
       243.000000       -0.010904        0.000000
       244.000000       -0.010812        0.000000
       245.000000       -0.010772        0.000000
       246.000000       -0.010641        0.000000
       247.000000       -0.010616        0.000000
       248.000000       -0.010605        0.000000
       249.000000       -0.010556        0.000000
       250.000000       -0.010523        0.000000
       251.000000       -0.010439        0.000000
       252.000000       -0.010426        0.000000
       253.000000       -0.010392        0.000000
       254.000000       -0.010332        0.000000
       255.000000       -0.010210        0.000000
       256.000000       -0.010154        0.000000
       257.000000       -0.010142        0.000000
       258.000000       -0.010089        0.000000
       259.000000       -0.009974        0.000000
       260.000000       -0.009863        0.000000
       261.000000       -0.009836        0.000000
       262.000000       -0.009748        0.000000
       263.000000       -0.009676        0.000000
       264.000000       -0.009663        0.000000
       265.000000       -0.009635        0.000000
       266.000000       -0.009558        0.000000
       267.000000       -0.009557        0.000000
       268.000000       -0.009505        0.000000
       269.000000       -0.009382        0.000000
       270.000000       -0.009324        0.000000
       271.000000       -0.009317        0.000000
       272.000000       -0.009283        0.000000
       273.000000       -0.009248        0.000000
       274.000000       -0.009212        0.000000
       275.000000       -0.009186        0.000000
       276.000000       -0.009112        0.000000
       277.000000       -0.009089        0.000000
       278.000000       -0.009051        0.000000
       279.000000       -0.008998        0.000000
       280.000000       -0.008925        0.000000
       281.000000       -0.008889        0.000000
       282.000000       -0.008865        0.000000
       283.000000       -0.008831        0.000000
       284.000000       -0.008821        0.000000
       285.000000       -0.008789        0.000000
       286.000000       -0.008739        0.000000
       287.000000       -0.008719        0.000000
       288.000000       -0.008598        0.000000
       289.000000       -0.008595        0.000000
       290.000000       -0.008571        0.000000
       291.000000       -0.008476        0.000000
       292.000000       -0.008461        0.000000
       293.000000       -0.008387        0.000000
       294.000000       -0.008307        0.000000
       295.000000       -0.008250        0.000000
       296.000000       -0.008201        0.000000
       297.000000       -0.008178        0.000000
       298.000000       -0.008174        0.000000
       299.000000       -0.008105        0.000000
       300.000000       -0.008088        0.000000
       301.000000       -0.008062        0.000000
       302.000000       -0.008026        0.000000
       303.000000       -0.007973        0.000000
       304.000000       -0.007937        0.000000
       305.000000       -0.007906        0.000000
       306.000000       -0.007844        0.000000
       307.000000       -0.007805        0.000000
       308.000000       -0.007727        0.000000
       309.000000       -0.007709        0.000000
       310.000000       -0.007688        0.000000
       311.000000       -0.007673        0.000000
       312.000000       -0.007622        0.000000
       313.000000       -0.007603        0.000000
       314.000000       -0.007559        0.000000
       315.000000       -0.007535        0.000000
       316.000000       -0.007516        0.000000
       317.000000       -0.007501        0.000000
       318.000000       -0.007451        0.000000
       319.000000       -0.007379        0.000000
       320.000000       -0.007364        0.000000
       321.000000       -0.007284        0.000000
       322.000000       -0.007270        0.000000
       323.000000       -0.007250        0.000000
       324.000000       -0.007243        0.000000
       325.000000       -0.007239        0.000000
       326.000000       -0.007160        0.000000
       327.000000       -0.007069        0.000000
       328.000000       -0.007066        0.000000
       329.000000       -0.007033        0.000000
       330.000000       -0.006999        0.000000
       331.000000       -0.006950        0.000000
       332.000000       -0.006932        0.000000
       333.000000       -0.006904        0.000000
       334.000000       -0.006875        0.000000
       335.000000       -0.006859        0.000000
       336.000000       -0.006808        0.000000
       337.000000       -0.006791        0.000000
       338.000000       -0.006772        0.000000
       339.000000       -0.006764        0.000000
       340.000000       -0.006751        0.000000
       341.000000       -0.006710        0.000000
       342.000000       -0.006683        0.000000
       343.000000       -0.006601        0.000000
       344.000000       -0.006591        0.000000
       345.000000       -0.006561        0.000000
       346.000000       -0.006534        0.000000
       347.000000       -0.006520        0.000000
       348.000000       -0.006508        0.000000
       349.000000       -0.006462        0.000000
       350.000000       -0.006433        0.000000
       351.000000       -0.006396        0.000000
       352.000000       -0.006392        0.000000
       353.000000       -0.006333        0.000000
       354.000000       -0.006305        0.000000
       355.000000       -0.006268        0.000000
       356.000000       -0.006231        0.000000
       357.000000       -0.006210        0.000000
       358.000000       -0.006203        0.000000
       359.000000       -0.006162        0.000000
       360.000000       -0.006136        0.000000
       361.000000       -0.006121        0.000000
       362.000000       -0.006099        0.000000
       363.000000       -0.006074        0.000000
       364.000000       -0.006039        0.000000
       365.000000       -0.005990        0.000000
       366.000000       -0.005966        0.000000
       367.000000       -0.005945        0.000000
       368.000000       -0.005931        0.000000
       369.000000       -0.005912        0.000000
       370.000000       -0.005897        0.000000
       371.000000       -0.005876        0.000000
       372.000000       -0.005855        0.000000
       373.000000       -0.005836        0.000000
       374.000000       -0.005823        0.000000
       375.000000       -0.005785        0.000000
       376.000000       -0.005778        0.000000
       377.000000       -0.005754        0.000000
       378.000000       -0.005742        0.000000
       379.000000       -0.005724        0.000000
       380.000000       -0.005692        0.000000
       381.000000       -0.005657        0.000000
       382.000000       -0.005640        0.000000
       383.000000       -0.005613        0.000000
       384.000000       -0.005592        0.000000
       385.000000       -0.005541        0.000000
       386.000000       -0.005522        0.000000
       387.000000       -0.005520        0.000000
       388.000000       -0.005493        0.000000
       389.000000       -0.005477        0.000000
       390.000000       -0.005459        0.000000
       391.000000       -0.005429        0.000000
       392.000000       -0.005396        0.000000
       393.000000       -0.005393        0.000000
       394.000000       -0.005357        0.000000
       395.000000       -0.005323        0.000000
       396.000000       -0.005301        0.000000
       397.000000       -0.005285        0.000000
       398.000000       -0.005270        0.000000
       399.000000       -0.005234        0.000000
       400.000000       -0.005217        0.000000
       401.000000       -0.005213        0.000000
       402.000000       -0.005185        0.000000
       403.000000       -0.005158        0.000000
       404.000000       -0.005131        0.000000
       405.000000       -0.005110        0.000000
       406.000000       -0.005103        0.000000
       407.000000       -0.005081        0.000000
       408.000000       -0.005057        0.000000
       409.000000       -0.005036        0.000000
       410.000000       -0.005014        0.000000
       411.000000       -0.004998        0.000000
       412.000000       -0.004976        0.000000
       413.000000       -0.004951        0.000000
       414.000000       -0.004929        0.000000
       415.000000       -0.004921        0.000000
       416.000000       -0.004894        0.000000
       417.000000       -0.004883        0.000000
       418.000000       -0.004872        0.000000
       419.000000       -0.004857        0.000000
       420.000000       -0.004830        0.000000
       421.000000       -0.004782        0.000000
       422.000000       -0.004775        0.000000
       423.000000       -0.004757        0.000000
       424.000000       -0.004743        0.000000
       425.000000       -0.004696        0.000000
       426.000000       -0.004672        0.000000
       427.000000       -0.004659        0.000000
       428.000000       -0.004641        0.000000
       429.000000       -0.004624        0.000000
       430.000000       -0.004619        0.000000
       431.000000       -0.004602        0.000000
       432.000000       -0.004600        0.000000
       433.000000       -0.004581        0.000000
       434.000000       -0.004565        0.000000
       435.000000       -0.004563        0.000000
       436.000000       -0.004523        0.000000
       437.000000       -0.004509        0.000000
       438.000000       -0.004498        0.000000
       439.000000       -0.004477        0.000000
       440.000000       -0.004448        0.000000
       441.000000       -0.004436        0.000000
       442.000000       -0.004406        0.000000
       443.000000       -0.004371        0.000000
       444.000000       -0.004368        0.000000
       445.000000       -0.004340        0.000000
       446.000000       -0.004338        0.000000
       447.000000       -0.004324        0.000000
       448.000000       -0.004310        0.000000
       449.000000       -0.004293        0.000000
       450.000000       -0.004291        0.000000
       451.000000       -0.004277        0.000000
       452.000000       -0.004243        0.000000
       453.000000       -0.004236        0.000000
       454.000000       -0.004214        0.000000
       455.000000       -0.004194        0.000000
       456.000000       -0.004190        0.000000
       457.000000       -0.004155        0.000000
       458.000000       -0.004139        0.000000
       459.000000       -0.004103        0.000000
       460.000000       -0.004101        0.000000
       461.000000       -0.004093        0.000000
       462.000000       -0.004073        0.000000
       463.000000       -0.004052        0.000000
       464.000000       -0.004041        0.000000
       465.000000       -0.004009        0.000000
       466.000000       -0.004004        0.000000
       467.000000       -0.003998        0.000000
       468.000000       -0.003980        0.000000
       469.000000       -0.003964        0.000000
       470.000000       -0.003942        0.000000
       471.000000       -0.003932        0.000000
       472.000000       -0.003915        0.000000
       473.000000       -0.003910        0.000000
       474.000000       -0.003887        0.000000
       475.000000       -0.003868        0.000000
       476.000000       -0.003859        0.000000
       477.000000       -0.003839        0.000000
       478.000000       -0.003829        0.000000
       479.000000       -0.003801        0.000000
       480.000000       -0.003789        0.000000
       481.000000       -0.003766        0.000000
       482.000000       -0.003757        0.000000
       483.000000       -0.003742        0.000000
       484.000000       -0.003723        0.000000
       485.000000       -0.003711        0.000000
       486.000000       -0.003701        0.000000
       487.000000       -0.003689        0.000000
       488.000000       -0.003674        0.000000
       489.000000       -0.003660        0.000000
       490.000000       -0.003655        0.000000
       491.000000       -0.003629        0.000000
       492.000000       -0.003621        0.000000
       493.000000       -0.003611        0.000000
       494.000000       -0.003602        0.000000
       495.000000       -0.003590        0.000000
       496.000000       -0.003576        0.000000
       497.000000       -0.003553        0.000000
       498.000000       -0.003534        0.000000
       499.000000       -0.003524        0.000000
       500.000000       -0.003516        0.000000
