#            iprt         eigenv.           conv.
         1.000000       -3.676662        1.000000
         2.000000       -1.457162        1.000000
         3.000000       -1.457160        1.000000
         4.000000       -1.054388        1.000000
         5.000000       -0.761959        1.000000
         6.000000       -0.761956        1.000000
         7.000000       -0.668161        1.000000
         8.000000       -0.472573        1.000000
         9.000000       -0.472568        1.000000
        10.000000       -0.439338        1.000000
        11.000000       -0.367075        1.000000
        12.000000       -0.367072        1.000000
        13.000000       -0.357637        1.000000
        14.000000       -0.310299        1.000000
        15.000000       -0.310297        1.000000
        16.000000       -0.282568        1.000000
        17.000000       -0.242373        1.000000
        18.000000       -0.232405        1.000000
        19.000000       -0.232402        1.000000
        20.000000       -0.225783        1.000000
        21.000000       -0.225770        1.000000
        22.000000       -0.198554        1.000000
        23.000000       -0.163703        1.000000
        24.000000       -0.163701        1.000000
        25.000000       -0.154932        1.000000
        26.000000       -0.146477        1.000000
        27.000000       -0.146477        1.000000
        28.000000       -0.144651        1.000000
        29.000000       -0.144647        1.000000
        30.000000       -0.139639        1.000000
        31.000000       -0.139638        1.000000
        32.000000       -0.130212        1.000000
        33.000000       -0.130201        1.000000
        34.000000       -0.119652        1.000000
        35.000000       -0.103341        1.000000
        36.000000       -0.103341        1.000000
        37.000000       -0.095511        1.000000
        38.000000       -0.087230        1.000000
        39.000000       -0.087219        1.000000
        40.000000       -0.087164        1.000000
        41.000000       -0.085975        1.000000
        42.000000       -0.085974        1.000000
        43.000000       -0.079478        1.000000
        44.000000       -0.079478        1.000000
        45.000000       -0.072270        1.000000
        46.000000       -0.066707        1.000000
        47.000000       -0.063679        1.000000
        48.000000       -0.063678        1.000000
        49.000000       -0.062671        1.000000
        50.000000       -0.062668        1.000000
        51.000000       -0.052071        1.000000
        52.000000       -0.052071        1.000000
        53.000000       -0.051489        1.000000
        54.000000       -0.051488        1.000000
        55.000000       -0.051087        1.000000
        56.000000       -0.051085        1.000000
        57.000000       -0.049446        1.000000
        58.000000       -0.049445        1.000000
        59.000000       -0.049078        1.000000
        60.000000       -0.045606        1.000000
        61.000000       -0.045606        1.000000
        62.000000       -0.045362        1.000000
        63.000000       -0.044021        1.000000
        64.000000       -0.044020        1.000000
        65.000000       -0.039733        1.000000
        66.000000       -0.039730        1.000000
        67.000000       -0.038596        1.000000
        68.000000       -0.038473        1.000000
        69.000000       -0.038473        1.000000
        70.000000       -0.036643        1.000000
        71.000000       -0.036643        1.000000
        72.000000       -0.035926        1.000000
        73.000000       -0.034907        1.000000
        74.000000       -0.034556        1.000000
        75.000000       -0.034556        1.000000
        76.000000       -0.033986        1.000000
        77.000000       -0.033986        1.000000
        78.000000       -0.033370        1.000000
        79.000000       -0.033370        1.000000
        80.000000       -0.033022        1.000000
        81.000000       -0.033022        1.000000
        82.000000       -0.031842        1.000000
        83.000000       -0.031838        1.000000
        84.000000       -0.028591        1.000000
        85.000000       -0.027752        1.000000
        86.000000       -0.027752        1.000000
        87.000000       -0.026538        1.000000
        88.000000       -0.025727        1.000000
        89.000000       -0.025727        1.000000
        90.000000       -0.025472        1.000000
        91.000000       -0.025467        1.000000
        92.000000       -0.023768        1.000000
        93.000000       -0.023768        1.000000
        94.000000       -0.023557        1.000000
        95.000000       -0.023557        1.000000
        96.000000       -0.023425        1.000000
        97.000000       -0.023425        1.000000
        98.000000       -0.023383        1.000000
        99.000000       -0.023078        1.000000
       100.000000       -0.023077        1.000000
       101.000000       -0.022300        1.000000
       102.000000       -0.022300        1.000000
       103.000000       -0.022151        1.000000
       104.000000       -0.021308        1.000000
       105.000000       -0.021308        1.000000
       106.000000       -0.021197        1.000000
       107.000000       -0.020789        1.000000
       108.000000       -0.020789        1.000000
       109.000000       -0.020058        1.000000
       110.000000       -0.020058        1.000000
       111.000000       -0.020009        1.000000
       112.000000       -0.020009        1.000000
       113.000000       -0.019466        1.000000
       114.000000       -0.019466        1.000000
       115.000000       -0.018421        1.000000
       116.000000       -0.018420        1.000000
       117.000000       -0.017779        1.000000
       118.000000       -0.017682        1.000000
       119.000000       -0.017682        1.000000
       120.000000       -0.017335        1.000000
       121.000000       -0.017284        1.000000
       122.000000       -0.017284        1.000000
       123.000000       -0.016614        1.000000
       124.000000       -0.016614        1.000000
       125.000000       -0.016394        1.000000
       126.000000       -0.016394        1.000000
       127.000000       -0.016336        1.000000
       128.000000       -0.016335        1.000000
       129.000000       -0.016041        1.000000
       130.000000       -0.016040        1.000000
       131.000000       -0.016027        1.000000
       132.000000       -0.016027        1.000000
       133.000000       -0.015826        1.000000
       134.000000       -0.015527        1.000000
       135.000000       -0.015527        1.000000
       136.000000       -0.015225        1.000000
       137.000000       -0.015223        1.000000
       138.000000       -0.014342        1.000000
       139.000000       -0.014342        1.000000
       140.000000       -0.014123        1.000000
       141.000000       -0.013603        1.000000
       142.000000       -0.013603        1.000000
       143.000000       -0.013494        1.000000
       144.000000       -0.013113        1.000000
       145.000000       -0.013113        1.000000
       146.000000       -0.013051        1.000000
       147.000000       -0.013051        1.000000
       148.000000       -0.012642        1.000000
       149.000000       -0.012605        1.000000
       150.000000       -0.012605        1.000000
       151.000000       -0.012384        1.000000
       152.000000       -0.012384        1.000000
       153.000000       -0.012249        1.000000
       154.000000       -0.012249        1.000000
       155.000000       -0.012245        1.000000
       156.000000       -0.012245        1.000000
       157.000000       -0.012053        1.000000
       158.000000       -0.012053        1.000000
       159.000000       -0.011956        1.000000
       160.000000       -0.011897        1.000000
       161.000000       -0.011897        1.000000
       162.000000       -0.011626        1.000000
       163.000000       -0.011624        1.000000
       164.000000       -0.011548        1.000000
       165.000000       -0.011547        1.000000
       166.000000       -0.011523        1.000000
       167.000000       -0.011200        1.000000
       168.000000       -0.011199        1.000000
       169.000000       -0.010963        1.000000
       170.000000       -0.010963        1.000000
       171.000000       -0.010948        1.000000
       172.000000       -0.010948        1.000000
       173.000000       -0.010520        1.000000
       174.000000       -0.010513        1.000000
       175.000000       -0.010513        1.000000
       176.000000       -0.010111        1.000000
       177.000000       -0.010110        1.000000
       178.000000       -0.010053        1.000000
       179.000000       -0.010053        1.000000
       180.000000       -0.009982        1.000000
       181.000000       -0.009982        1.000000
       182.000000       -0.009923        1.000000
       183.000000       -0.009658        1.000000
       184.000000       -0.009657        1.000000
       185.000000       -0.009471        1.000000
       186.000000       -0.009469        1.000000
       187.000000       -0.009249        1.000000
       188.000000       -0.009249        1.000000
       189.000000       -0.009106        1.000000
       190.000000       -0.009002        1.000000
       191.000000       -0.009002        1.000000
       192.000000       -0.008943        1.000000
       193.000000       -0.008943        1.000000
       194.000000       -0.008915        1.000000
       195.000000       -0.008915        1.000000
       196.000000       -0.008868        1.000000
       197.000000       -0.008868        1.000000
       198.000000       -0.008648        1.000000
       199.000000       -0.008648        1.000000
       200.000000       -0.008592        1.000000
       201.000000       -0.008581        1.000000
       202.000000       -0.008581        1.000000
       203.000000       -0.008421        1.000000
       204.000000       -0.008421        1.000000
       205.000000       -0.008357        1.000000
       206.000000       -0.008357        1.000000
       207.000000       -0.008069        1.000000
       208.000000       -0.008069        1.000000
       209.000000       -0.008067        1.000000
       210.000000       -0.008019        1.000000
       211.000000       -0.008019        1.000000
       212.000000       -0.007845        1.000000
       213.000000       -0.007633        1.000000
       214.000000       -0.007633        1.000000
       215.000000       -0.007585        1.000000
       216.000000       -0.007584        1.000000
       217.000000       -0.007459        1.000000
       218.000000       -0.007459        1.000000
       219.000000       -0.007440        1.000000
       220.000000       -0.007440        1.000000
       221.000000       -0.007090        1.000000
       222.000000       -0.007085        1.000000
       223.000000       -0.007085        1.000000
       224.000000       -0.007049        1.000000
       225.000000       -0.007048        1.000000
       226.000000       -0.007043        1.000000
       227.000000       -0.007043        1.000000
       228.000000       -0.006993        1.000000
       229.000000       -0.006993        1.000000
       230.000000       -0.006934        1.000000
       231.000000       -0.006933        1.000000
       232.000000       -0.006898        1.000000
       233.000000       -0.006897        1.000000
       234.000000       -0.006859        1.000000
       235.000000       -0.006859        1.000000
       236.000000       -0.006681        1.000000
       237.000000       -0.006627        1.000000
       238.000000       -0.006627        1.000000
       239.000000       -0.006626        1.000000
       240.000000       -0.006626        1.000000
       241.000000       -0.006625        1.000000
       242.000000       -0.006625        1.000000
       243.000000       -0.006559        1.000000
       244.000000       -0.006559        1.000000
       245.000000       -0.006547        1.000000
       246.000000       -0.006547        1.000000
       247.000000       -0.006483        1.000000
       248.000000       -0.006295        1.000000
       249.000000       -0.006295        1.000000
       250.000000       -0.006295        1.000000
       251.000000       -0.006278        1.000000
       252.000000       -0.006277        1.000000
       253.000000       -0.006237        1.000000
       254.000000       -0.006236        1.000000
       255.000000       -0.006090        1.000000
       256.000000       -0.006090        1.000000
       257.000000       -0.005889        1.000000
       258.000000       -0.005889        1.000000
       259.000000       -0.005837        1.000000
       260.000000       -0.005837        1.000000
       261.000000       -0.005685        1.000000
       262.000000       -0.005655        1.000000
       263.000000       -0.005655        1.000000
       264.000000       -0.005594        1.000000
       265.000000       -0.005594        1.000000
       266.000000       -0.005580        1.000000
       267.000000       -0.005532        1.000000
       268.000000       -0.005532        1.000000
       269.000000       -0.005481        1.000000
       270.000000       -0.005480        1.000000
       271.000000       -0.005464        1.000000
       272.000000       -0.005361        1.000000
       273.000000       -0.005361        1.000000
       274.000000       -0.005329        1.000000
       275.000000       -0.005329        1.000000
       276.000000       -0.005311        1.000000
       277.000000       -0.005311        1.000000
       278.000000       -0.005274        1.000000
       279.000000       -0.005274        1.000000
       280.000000       -0.005254        1.000000
       281.000000       -0.005254        1.000000
       282.000000       -0.005229        1.000000
       283.000000       -0.005229        1.000000
       284.000000       -0.005216        1.000000
       285.000000       -0.005216        1.000000
       286.000000       -0.005160        1.000000
       287.000000       -0.005159        1.000000
       288.000000       -0.005158        1.000000
       289.000000       -0.005143        1.000000
       290.000000       -0.005143        1.000000
       291.000000       -0.005050        1.000000
       292.000000       -0.005050        1.000000
       293.000000       -0.004962        1.000000
       294.000000       -0.004961        1.000000
       295.000000       -0.004945        1.000000
       296.000000       -0.004945        1.000000
       297.000000       -0.004900        1.000000
       298.000000       -0.004900        1.000000
       299.000000       -0.004763        1.000000
       300.000000       -0.004763        1.000000
       301.000000       -0.004751        1.000000
       302.000000       -0.004614        1.000000
       303.000000       -0.004613        1.000000
       304.000000       -0.004584        1.000000
       305.000000       -0.004584        1.000000
       306.000000       -0.004567        1.000000
       307.000000       -0.004522        1.000000
       308.000000       -0.004522        1.000000
       309.000000       -0.004487        1.000000
       310.000000       -0.004487        1.000000
       311.000000       -0.004486        1.000000
       312.000000       -0.004453        1.000000
       313.000000       -0.004453        1.000000
       314.000000       -0.004281        1.000000
       315.000000       -0.004281        1.000000
       316.000000       -0.004276        1.000000
       317.000000       -0.004276        1.000000
       318.000000       -0.004254        1.000000
       319.000000       -0.004254        1.000000
       320.000000       -0.004244        1.000000
       321.000000       -0.004244        1.000000
       322.000000       -0.004202        1.000000
       323.000000       -0.004202        1.000000
       324.000000       -0.004200        1.000000
       325.000000       -0.004200        1.000000
       326.000000       -0.004154        1.000000
       327.000000       -0.004153        1.000000
       328.000000       -0.004088        1.000000
       329.000000       -0.004088        1.000000
       330.000000       -0.004070        1.000000
       331.000000       -0.004069        1.000000
       332.000000       -0.004001        1.000000
       333.000000       -0.004001        1.000000
       334.000000       -0.003987        1.000000
       335.000000       -0.003987        1.000000
       336.000000       -0.003977        1.000000
       337.000000       -0.003977        1.000000
       338.000000       -0.003964        1.000000
       339.000000       -0.003929        1.000000
       340.000000       -0.003929        1.000000
       341.000000       -0.003872        1.000000
       342.000000       -0.003831        1.000000
       343.000000       -0.003825        1.000000
       344.000000       -0.003824        1.000000
       345.000000       -0.003818        1.000000
       346.000000       -0.003818        1.000000
       347.000000       -0.003803        1.000000
       348.000000       -0.003803        1.000000
       349.000000       -0.003748        1.000000
       350.000000       -0.003748        1.000000
       351.000000       -0.003747        1.000000
       352.000000       -0.003747        1.000000
       353.000000       -0.003727        1.000000
       354.000000       -0.003727        1.000000
       355.000000       -0.003676        1.000000
       356.000000       -0.003676        1.000000
       357.000000       -0.003670        1.000000
       358.000000       -0.003669        1.000000
       359.000000       -0.003648        1.000000
       360.000000       -0.003648        1.000000
       361.000000       -0.003630        1.000000
       362.000000       -0.003630        1.000000
       363.000000       -0.003558        1.000000
       364.000000       -0.003558        1.000000
       365.000000       -0.003557        1.000000
       366.000000       -0.003495        1.000000
       367.000000       -0.003495        1.000000
       368.000000       -0.003477        1.000000
       369.000000       -0.003442        1.000000
       370.000000       -0.003442        1.000000
       371.000000       -0.003376        1.000000
       372.000000       -0.003376        1.000000
       373.000000       -0.003347        1.000000
       374.000000       -0.003347        1.000000
       375.000000       -0.003330        1.000000
       376.000000       -0.003330        1.000000
       377.000000       -0.003309        1.000000
       378.000000       -0.003309        1.000000
       379.000000       -0.003274        1.000000
       380.000000       -0.003274        1.000000
       381.000000       -0.003255        1.000000
       382.000000       -0.003255        1.000000
       383.000000       -0.003234        1.000000
       384.000000       -0.003234        1.000000
       385.000000       -0.003231        1.000000
       386.000000       -0.003231        1.000000
       387.000000       -0.003227        1.000000
       388.000000       -0.003216        1.000000
       389.000000       -0.003215        1.000000
       390.000000       -0.003185        1.000000
       391.000000       -0.003184        1.000000
       392.000000       -0.003184        1.000000
       393.000000       -0.003184        1.000000
       394.000000       -0.003169        1.000000
       395.000000       -0.003132        1.000000
       396.000000       -0.003131        1.000000
       397.000000       -0.003093        1.000000
       398.000000       -0.003093        1.000000
       399.000000       -0.003067        1.000000
       400.000000       -0.003066        1.000000
       401.000000       -0.003053        1.000000
       402.000000       -0.003038        1.000000
       403.000000       -0.003038        1.000000
       404.000000       -0.002990        1.000000
       405.000000       -0.002990        1.000000
       406.000000       -0.002968        1.000000
       407.000000       -0.002968        1.000000
       408.000000       -0.002965        1.000000
       409.000000       -0.002965        1.000000
       410.000000       -0.002948        1.000000
       411.000000       -0.002948        1.000000
       412.000000       -0.002947        1.000000
       413.000000       -0.002907        1.000000
       414.000000       -0.002906        1.000000
       415.000000       -0.002879        1.000000
       416.000000       -0.002879        1.000000
       417.000000       -0.002850        1.000000
       418.000000       -0.002849        1.000000
       419.000000       -0.002829        1.000000
       420.000000       -0.002828        1.000000
       421.000000       -0.002825        1.000000
       422.000000       -0.002824        1.000000
       423.000000       -0.002798        1.000000
       424.000000       -0.002797        1.000000
       425.000000       -0.002723        1.000000
       426.000000       -0.002720        1.000000
       427.000000       -0.002719        1.000000
       428.000000       -0.002715        1.000000
       429.000000       -0.002714        1.000000
       430.000000       -0.002709        1.000000
       431.000000       -0.002709        1.000000
       432.000000       -0.002673        1.000000
       433.000000       -0.002672        1.000000
       434.000000       -0.002663        1.000000
       435.000000       -0.002662        1.000000
       436.000000       -0.002632        1.000000
       437.000000       -0.002631        1.000000
       438.000000       -0.002629        1.000000
       439.000000       -0.002610        1.000000
       440.000000       -0.002610        1.000000
       441.000000       -0.002601        1.000000
       442.000000       -0.002600        1.000000
       443.000000       -0.002582        1.000000
       444.000000       -0.002581        1.000000
       445.000000       -0.002568        1.000000
       446.000000       -0.002561        1.000000
       447.000000       -0.002560        1.000000
       448.000000       -0.002557        1.000000
       449.000000       -0.002556        1.000000
       450.000000       -0.002525        1.000000
       451.000000       -0.002525        1.000000
       452.000000       -0.002513        1.000000
       453.000000       -0.002512        1.000000
       454.000000       -0.002465        1.000000
       455.000000       -0.002463        1.000000
       456.000000       -0.002461        1.000000
       457.000000       -0.002452        1.000000
       458.000000       -0.002452        1.000000
       459.000000       -0.002432        1.000000
       460.000000       -0.002430        1.000000
       461.000000       -0.002424        1.000000
       462.000000       -0.002419        1.000000
       463.000000       -0.002418        1.000000
       464.000000       -0.002401        1.000000
       465.000000       -0.002398        1.000000
       466.000000       -0.002374        1.000000
       467.000000       -0.002373        1.000000
       468.000000       -0.002361        1.000000
       469.000000       -0.002360        1.000000
       470.000000       -0.002352        1.000000
       471.000000       -0.002350        1.000000
       472.000000       -0.002344        1.000000
       473.000000       -0.002343        1.000000
       474.000000       -0.002331        1.000000
       475.000000       -0.002329        1.000000
       476.000000       -0.002317        1.000000
       477.000000       -0.002315        1.000000
       478.000000       -0.002293        1.000000
       479.000000       -0.002292        1.000000
       480.000000       -0.002289        1.000000
       481.000000       -0.002287        1.000000
       482.000000       -0.002255        1.000000
       483.000000       -0.002255        1.000000
       484.000000       -0.002253        1.000000
       485.000000       -0.002253        1.000000
       486.000000       -0.002217        1.000000
       487.000000       -0.002206        1.000000
       488.000000       -0.002203        1.000000
       489.000000       -0.002201        1.000000
       490.000000       -0.002184        1.000000
       491.000000       -0.002178        1.000000
       492.000000       -0.002159        1.000000
       493.000000       -0.002155        1.000000
       494.000000       -0.002149        1.000000
       495.000000       -0.002147        1.000000
       496.000000       -0.002144        1.000000
       497.000000       -0.002137        1.000000
       498.000000       -0.002120        1.000000
       499.000000       -0.002118        1.000000
       500.000000       -0.002113        1.000000
