-4.03467000000000
-1.54800000000000
-0.967070000000000
-0.967070000000000
-0.805000000000000
-0.804990000000000
-0.731950000000000
-0.600020000000000
-0.535870000000000
-0.513280000000000
-0.513270000000000
-0.421030000000000
-0.359450000000000
-0.359450000000000
-0.345890000000000
-0.345880000000000
-0.340530000000000
-0.325650000000000
-0.325650000000000
-0.280250000000000
-0.250850000000000
-0.250840000000000
-0.228710000000000
-0.213210000000000
-0.213210000000000
-0.167000000000000
-0.167000000000000
-0.161750000000000
-0.161750000000000
-0.150920000000000
-0.150870000000000
-0.139870000000000
-0.136650000000000
-0.133560000000000
-0.133520000000000
-0.129050000000000
-0.129050000000000
-0.122430000000000
-0.106660000000000
-0.106660000000000
-0.0979200000000000
-0.0964500000000000
-0.0964400000000000
-0.0916900000000000
-0.0916900000000000
-0.0815900000000000
-0.0752200000000000
-0.0743300000000000
-0.0743300000000000
-0.0652300000000000
-0.0652300000000000
-0.0652100000000000
-0.0652100000000000
-0.0635800000000000
-0.0635800000000000
-0.0601700000000000
-0.0576400000000000
-0.0576400000000000
-0.0569200000000000
-0.0569200000000000
-0.0558600000000000
-0.0558600000000000
-0.0542700000000000
-0.0532700000000000
-0.0532600000000000
-0.0532600000000000
-0.0469000000000000
-0.0469000000000000
-0.0461900000000000
-0.0442000000000000
-0.0442000000000000
-0.0441200000000000
-0.0441200000000000
-0.0404300000000000
-0.0399500000000000
-0.0399400000000000
-0.0387400000000000
-0.0387300000000000
-0.0386500000000000
-0.0386500000000000
-0.0377300000000000
-0.0370800000000000
-0.0370800000000000
-0.0341200000000000
-0.0341000000000000
-0.0341000000000000
-0.0341000000000000
-0.0340900000000000
-0.0312800000000000
-0.0312800000000000
-0.0309400000000000
-0.0309300000000000
-0.0303100000000000
-0.0303100000000000
-0.0294500000000000
-0.0286800000000000
-0.0286800000000000
-0.0285000000000000
-0.0285000000000000
-0.0281600000000000
-0.0235700000000000
-0.0235600000000000
-0.0228000000000000
-0.0228000000000000
-0.0223000000000000
-0.0222900000000000
-0.0210600000000000
-0.0207500000000000
-0.0204700000000000
-0.0204600000000000
-0.0200000000000000
-0.0199900000000000
-0.0196800000000000
-0.0196800000000000
-0.0195900000000000
-0.0193800000000000
-0.0193800000000000
-0.0186400000000000
-0.0186300000000000
-0.0183500000000000
-0.0183400000000000
-0.0183000000000000
-0.0182900000000000
-0.0179400000000000
-0.0179300000000000
-0.0177300000000000
-0.0177200000000000
-0.0167900000000000
-0.0167800000000000
-0.0165100000000000
-0.0165100000000000
-0.0164800000000000
-0.0162000000000000
-0.0162000000000000
-0.0158100000000000
-0.0156800000000000
-0.0156800000000000
-0.0154000000000000
-0.0153500000000000
-0.0153500000000000
-0.0148900000000000
-0.0148900000000000
-0.0148200000000000
-0.0148100000000000
-0.0144200000000000
-0.0144100000000000
-0.0143000000000000
-0.0141200000000000
-0.0138300000000000
-0.0138300000000000
-0.0135200000000000
-0.0135200000000000
-0.0135000000000000
-0.0134900000000000
-0.0134100000000000
-0.0134100000000000
-0.0132600000000000
-0.0132500000000000
-0.0132100000000000
-0.0128200000000000
-0.0128200000000000
-0.0125300000000000
-0.0125300000000000
-0.0122700000000000
-0.0122600000000000
-0.0120700000000000
-0.0120700000000000
-0.0120300000000000
-0.0118900000000000
-0.0118900000000000
-0.0117200000000000
-0.0116700000000000
-0.0116700000000000
-0.0115200000000000
-0.0115200000000000
-0.0113300000000000
-0.0113300000000000
-0.0110100000000000
-0.0110100000000000
-0.0107000000000000
-0.0107000000000000
-0.0106500000000000
-0.0106500000000000
-0.0104300000000000
-0.0104300000000000
-0.0104200000000000
-0.0104200000000000
-0.0104100000000000
-0.0103900000000000
-0.0103800000000000
-0.0102100000000000
-0.0102100000000000
-0.0101800000000000
-0.0101800000000000
-0.00999000000000000
-0.00999000000000000
-0.00979000000000000
-0.00978000000000000
-0.00969000000000000
-0.00949000000000000
-0.00928000000000000
-0.00928000000000000
-0.00920000000000000
-0.00920000000000000
-0.00917000000000000
-0.00916000000000000
-0.00916000000000000
-0.00911000000000000
-0.00911000000000000
-0.00903000000000000
-0.00899000000000000
-0.00899000000000000
-0.00882000000000000
-0.00882000000000000
-0.00872000000000000
-0.00872000000000000
-0.00866000000000000
-0.00866000000000000
-0.00854000000000000
-0.00845000000000000
-0.00845000000000000
-0.00841000000000000
-0.00827000000000000
-0.00827000000000000
-0.00810000000000000
-0.00809000000000000
-0.00807000000000000
-0.00807000000000000
-0.00805000000000000
-0.00805000000000000
-0.00799000000000000
-0.00799000000000000
-0.00790000000000000
-0.00790000000000000
-0.00783000000000000
-0.00783000000000000
-0.00773000000000000
-0.00773000000000000
-0.00762000000000000
-0.00761000000000000
-0.00752000000000000
-0.00752000000000000
-0.00735000000000000
-0.00734000000000000
-0.00727000000000000
-0.00727000000000000
-0.00722000000000000
-0.00716000000000000
-0.00715000000000000
-0.00715000000000000
-0.00715000000000000
-0.00707000000000000
-0.00707000000000000
-0.00703000000000000
-0.00703000000000000
-0.00699000000000000
-0.00699000000000000
-0.00694000000000000
-0.00693000000000000
-0.00669000000000000
-0.00668000000000000
-0.00667000000000000
-0.00659000000000000
-0.00659000000000000
-0.00655000000000000
-0.00655000000000000
-0.00654000000000000
-0.00654000000000000
-0.00645000000000000
-0.00645000000000000
-0.00633000000000000
-0.00633000000000000
-0.00633000000000000
-0.00633000000000000
-0.00632000000000000
-0.00632000000000000
-0.00630000000000000
-0.00630000000000000
-0.00625000000000000
-0.00621000000000000
-0.00621000000000000
-0.00620000000000000
-0.00620000000000000
-0.00618000000000000
-0.00618000000000000
-0.00613000000000000
-0.00609000000000000
-0.00602000000000000
-0.00602000000000000
-0.00583000000000000
-0.00583000000000000
-0.00572000000000000
-0.00572000000000000
-0.00571000000000000
-0.00571000000000000
-0.00571000000000000
-0.00570000000000000
-0.00569000000000000
-0.00569000000000000
-0.00560000000000000
-0.00559000000000000
-0.00558000000000000
-0.00558000000000000
-0.00555000000000000
-0.00555000000000000
-0.00555000000000000
-0.00555000000000000
-0.00551000000000000
-0.00551000000000000
-0.00548000000000000
-0.00548000000000000
-0.00546000000000000
-0.00545000000000000
-0.00537000000000000
-0.00537000000000000
-0.00534000000000000
-0.00528000000000000
-0.00528000000000000
-0.00528000000000000
-0.00514000000000000
-0.00514000000000000
-0.00510000000000000
-0.00510000000000000
-0.00503000000000000
-0.00503000000000000
-0.00503000000000000
-0.00502000000000000
-0.00500000000000000
-0.00499000000000000
-0.00496000000000000
-0.00496000000000000
-0.00494000000000000
-0.00494000000000000
-0.00492000000000000
-0.00492000000000000
-0.00488000000000000
-0.00488000000000000
-0.00477000000000000
-0.00477000000000000
-0.00477000000000000
-0.00472000000000000
-0.00472000000000000
-0.00472000000000000
-0.00472000000000000
-0.00463000000000000
-0.00462000000000000
-0.00462000000000000
-0.00455000000000000
-0.00455000000000000
-0.00452000000000000
-0.00450000000000000
-0.00450000000000000
-0.00449000000000000
-0.00449000000000000
-0.00444000000000000
-0.00444000000000000
-0.00444000000000000
-0.00444000000000000
-0.00442000000000000
-0.00442000000000000
-0.00440000000000000
-0.00440000000000000
-0.00440000000000000
-0.00435000000000000
-0.00435000000000000
-0.00434000000000000
-0.00431000000000000
-0.00430000000000000
-0.00427000000000000
-0.00427000000000000
-0.00420000000000000
-0.00420000000000000
-0.00417000000000000
-0.00417000000000000
-0.00417000000000000
-0.00417000000000000
-0.00416000000000000
-0.00416000000000000
-0.00415000000000000
-0.00415000000000000
-0.00415000000000000
-0.00414000000000000
-0.00414000000000000
-0.00412000000000000
-0.00406000000000000
-0.00406000000000000
-0.00405000000000000
-0.00405000000000000
-0.00404000000000000
-0.00404000000000000
-0.00401000000000000
-0.00401000000000000
-0.00400000000000000
-0.00399000000000000
-0.00398000000000000
-0.00398000000000000
-0.00393000000000000
-0.00393000000000000
-0.00389000000000000
-0.00386000000000000
-0.00386000000000000
-0.00384000000000000
-0.00384000000000000
-0.00381000000000000
-0.00381000000000000
-0.00373000000000000
-0.00372000000000000
-0.00372000000000000
-0.00368000000000000
-0.00368000000000000
-0.00367000000000000
-0.00367000000000000
-0.00367000000000000
-0.00366000000000000
-0.00365000000000000
-0.00364000000000000
-0.00363000000000000
-0.00359000000000000
-0.00359000000000000
-0.00359000000000000
-0.00356000000000000
-0.00356000000000000
-0.00356000000000000
-0.00355000000000000
-0.00355000000000000
-0.00355000000000000
-0.00354000000000000
-0.00354000000000000
-0.00353000000000000
-0.00352000000000000
-0.00352000000000000
-0.00351000000000000
-0.00350000000000000
-0.00350000000000000
-0.00349000000000000
-0.00349000000000000
-0.00343000000000000
-0.00343000000000000
-0.00333000000000000
-0.00332000000000000
-0.00331000000000000
-0.00330000000000000
-0.00329000000000000
-0.00328000000000000
-0.00328000000000000
-0.00328000000000000
-0.00327000000000000
-0.00326000000000000
-0.00322000000000000
-0.00322000000000000
-0.00321000000000000
-0.00321000000000000
-0.00320000000000000
-0.00320000000000000
-0.00320000000000000
-0.00320000000000000
-0.00320000000000000
-0.00320000000000000
-0.00319000000000000
-0.00319000000000000
-0.00319000000000000
-0.00318000000000000
-0.00318000000000000
-0.00316000000000000
-0.00314000000000000
-0.00314000000000000
-0.00313000000000000
-0.00313000000000000
-0.00309000000000000
-0.00307000000000000
-0.00304000000000000
-0.00304000000000000
-0.00303000000000000
-0.00303000000000000
-0.00301000000000000
-0.00301000000000000
-0.00301000000000000
-0.00301000000000000
-0.00298000000000000
-0.00297000000000000
-0.00297000000000000
-0.00293000000000000
-0.00293000000000000
-0.00293000000000000
-0.00292000000000000
-0.00292000000000000
-0.00292000000000000
-0.00292000000000000
-0.00291000000000000
-0.00291000000000000
-0.00290000000000000
-0.00290000000000000
-0.00289000000000000
-0.00289000000000000
-0.00288000000000000
-0.00287000000000000
-0.00287000000000000
-0.00286000000000000
-0.00285000000000000
-0.00283000000000000