-3.22028000000000
-1.74108000000000
-1.08892000000000
-1.03175000000000
-0.844010000000000
-0.810290000000000
-0.744460000000000
-0.695420000000000
-0.671090000000000
-0.537860000000000
-0.516980000000000
-0.473410000000000
-0.441340000000000
-0.428220000000000
-0.400310000000000
-0.389100000000000
-0.387840000000000
-0.380340000000000
-0.349330000000000
-0.325050000000000
-0.309650000000000
-0.306910000000000
-0.280290000000000
-0.256150000000000
-0.241660000000000
-0.224190000000000
-0.218690000000000
-0.214900000000000
-0.206410000000000
-0.195030000000000
-0.194010000000000
-0.192230000000000
-0.178130000000000
-0.172580000000000
-0.161290000000000
-0.156270000000000
-0.150840000000000
-0.144790000000000
-0.142680000000000
-0.141030000000000
-0.132240000000000
-0.121900000000000
-0.112470000000000
-0.108710000000000
-0.105500000000000
-0.102400000000000
-0.101480000000000
-0.0960800000000000
-0.0916000000000000
-0.0910500000000000
-0.0869300000000000
-0.0843400000000000
-0.0841700000000000
-0.0827500000000000
-0.0808700000000000
-0.0784000000000000
-0.0772100000000000
-0.0729700000000000
-0.0692000000000000
-0.0681000000000000
-0.0679200000000000
-0.0673100000000000
-0.0654000000000000
-0.0637800000000000
-0.0636300000000000
-0.0620600000000000
-0.0605600000000000
-0.0599700000000000
-0.0596900000000000
-0.0586000000000000
-0.0580100000000000
-0.0577500000000000
-0.0576700000000000
-0.0568100000000000
-0.0562900000000000
-0.0562400000000000
-0.0530000000000000
-0.0515800000000000
-0.0496700000000000
-0.0465200000000000
-0.0458900000000000
-0.0449800000000000
-0.0448000000000000
-0.0431900000000000
-0.0422300000000000
-0.0421700000000000
-0.0421300000000000
-0.0415000000000000
-0.0413800000000000
-0.0407800000000000
-0.0407100000000000
-0.0394100000000000
-0.0392500000000000
-0.0386100000000000
-0.0378300000000000
-0.0377100000000000
-0.0376600000000000
-0.0374300000000000
-0.0358700000000000
-0.0354600000000000
-0.0299600000000000
-0.0294900000000000
-0.0281000000000000
-0.0280800000000000
-0.0277500000000000
-0.0274600000000000
-0.0271400000000000
-0.0266600000000000
-0.0258300000000000
-0.0250600000000000
-0.0247300000000000
-0.0246000000000000
-0.0245800000000000
-0.0245200000000000
-0.0242300000000000
-0.0241300000000000
-0.0239600000000000
-0.0234800000000000
-0.0234100000000000
-0.0232100000000000
-0.0230900000000000
-0.0229200000000000
-0.0225300000000000
-0.0222900000000000
-0.0221800000000000
-0.0219900000000000
-0.0219700000000000
-0.0214000000000000
-0.0210300000000000
-0.0209100000000000
-0.0202000000000000
-0.0199800000000000
-0.0198500000000000
-0.0197800000000000
-0.0197200000000000
-0.0196800000000000
-0.0196200000000000
-0.0192400000000000
-0.0191500000000000
-0.0188400000000000
-0.0187300000000000
-0.0185200000000000
-0.0183100000000000
-0.0182900000000000
-0.0179400000000000
-0.0177800000000000
-0.0177100000000000
-0.0176600000000000
-0.0176000000000000
-0.0175800000000000
-0.0175000000000000
-0.0172200000000000
-0.0170900000000000
-0.0170200000000000
-0.0169000000000000
-0.0166700000000000
-0.0166300000000000
-0.0166100000000000
-0.0164800000000000
-0.0164400000000000
-0.0159100000000000
-0.0158500000000000
-0.0157500000000000
-0.0156400000000000
-0.0154000000000000
-0.0153800000000000
-0.0152700000000000
-0.0151400000000000
-0.0150100000000000
-0.0149900000000000
-0.0149700000000000
-0.0148300000000000
-0.0148100000000000
-0.0147900000000000
-0.0143500000000000
-0.0143000000000000
-0.0142300000000000
-0.0138100000000000
-0.0135000000000000
-0.0134900000000000
-0.0134800000000000
-0.0134600000000000
-0.0134300000000000
-0.0134100000000000
-0.0133200000000000
-0.0131200000000000
-0.0129700000000000
-0.0129400000000000
-0.0128900000000000
-0.0127600000000000
-0.0125800000000000
-0.0124800000000000
-0.0124200000000000
-0.0123800000000000
-0.0123800000000000
-0.0123400000000000
-0.0123300000000000
-0.0123200000000000
-0.0123100000000000
-0.0120900000000000
-0.0120300000000000
-0.0120100000000000
-0.0119400000000000
-0.0119300000000000
-0.0118800000000000
-0.0118100000000000
-0.0116100000000000
-0.0114100000000000
-0.0113800000000000
-0.0113400000000000
-0.0113200000000000
-0.0111500000000000
-0.0111500000000000
-0.0109300000000000
-0.0108000000000000
-0.0107800000000000
-0.0107400000000000
-0.0107100000000000
-0.0106900000000000
-0.0106300000000000
-0.0104100000000000
-0.0104000000000000
-0.0103900000000000
-0.0102300000000000
-0.0102200000000000
-0.0101800000000000
-0.0101700000000000
-0.0100500000000000
-0.0100400000000000
-0.00998000000000000
-0.00995000000000000
-0.00988000000000000
-0.00983000000000000
-0.00983000000000000
-0.00971000000000000
-0.00966000000000000
-0.00963000000000000
-0.00956000000000000
-0.00954000000000000
-0.00953000000000000
-0.00949000000000000
-0.00945000000000000
-0.00939000000000000
-0.00932000000000000
-0.00931000000000000
-0.00927000000000000
-0.00915000000000000
-0.00906000000000000
-0.00906000000000000
-0.00902000000000000
-0.00896000000000000
-0.00894000000000000
-0.00890000000000000
-0.00886000000000000
-0.00884000000000000
-0.00884000000000000
-0.00872000000000000
-0.00870000000000000
-0.00870000000000000
-0.00869000000000000
-0.00863000000000000
-0.00862000000000000
-0.00855000000000000
-0.00854000000000000
-0.00833000000000000
-0.00827000000000000
-0.00824000000000000
-0.00815000000000000
-0.00811000000000000
-0.00805000000000000
-0.00803000000000000
-0.00801000000000000
-0.00800000000000000
-0.00798000000000000
-0.00797000000000000
-0.00796000000000000
-0.00795000000000000
-0.00793000000000000
-0.00787000000000000
-0.00779000000000000
-0.00779000000000000
-0.00776000000000000
-0.00773000000000000
-0.00767000000000000
-0.00767000000000000
-0.00760000000000000
-0.00752000000000000
-0.00749000000000000
-0.00749000000000000
-0.00743000000000000
-0.00737000000000000
-0.00735000000000000
-0.00735000000000000
-0.00731000000000000
-0.00731000000000000
-0.00730000000000000
-0.00730000000000000
-0.00726000000000000
-0.00724000000000000
-0.00721000000000000
-0.00720000000000000
-0.00716000000000000
-0.00714000000000000
-0.00710000000000000
-0.00709000000000000
-0.00705000000000000
-0.00705000000000000
-0.00703000000000000
-0.00685000000000000
-0.00684000000000000
-0.00683000000000000
-0.00677000000000000
-0.00674000000000000
-0.00667000000000000
-0.00661000000000000
-0.00658000000000000
-0.00654000000000000
-0.00652000000000000
-0.00650000000000000
-0.00650000000000000
-0.00650000000000000
-0.00644000000000000
-0.00635000000000000
-0.00635000000000000
-0.00630000000000000
-0.00628000000000000
-0.00625000000000000
-0.00622000000000000
-0.00621000000000000
-0.00619000000000000
-0.00616000000000000
-0.00614000000000000
-0.00612000000000000
-0.00611000000000000
-0.00601000000000000
-0.00601000000000000
-0.00599000000000000
-0.00599000000000000
-0.00598000000000000
-0.00597000000000000
-0.00594000000000000
-0.00592000000000000
-0.00590000000000000
-0.00590000000000000
-0.00589000000000000
-0.00586000000000000
-0.00586000000000000
-0.00580000000000000
-0.00580000000000000
-0.00579000000000000
-0.00578000000000000
-0.00578000000000000
-0.00578000000000000
-0.00576000000000000
-0.00574000000000000
-0.00572000000000000
-0.00572000000000000
-0.00571000000000000
-0.00566000000000000
-0.00564000000000000
-0.00562000000000000
-0.00561000000000000
-0.00561000000000000
-0.00559000000000000
-0.00557000000000000
-0.00556000000000000
-0.00554000000000000
-0.00553000000000000
-0.00552000000000000
-0.00550000000000000
-0.00545000000000000
-0.00545000000000000
-0.00542000000000000
-0.00541000000000000
-0.00531000000000000
-0.00530000000000000
-0.00527000000000000
-0.00525000000000000
-0.00525000000000000
-0.00525000000000000
-0.00520000000000000
-0.00520000000000000
-0.00516000000000000
-0.00512000000000000
-0.00512000000000000
-0.00511000000000000
-0.00508000000000000
-0.00506000000000000
-0.00505000000000000
-0.00504000000000000
-0.00504000000000000
-0.00499000000000000
-0.00499000000000000
-0.00499000000000000
-0.00497000000000000
-0.00496000000000000
-0.00495000000000000
-0.00494000000000000
-0.00488000000000000
-0.00487000000000000
-0.00485000000000000
-0.00483000000000000
-0.00481000000000000
-0.00477000000000000
-0.00475000000000000
-0.00475000000000000
-0.00474000000000000
-0.00474000000000000
-0.00473000000000000
-0.00470000000000000
-0.00470000000000000
-0.00465000000000000
-0.00464000000000000
-0.00462000000000000
-0.00460000000000000
-0.00459000000000000
-0.00459000000000000
-0.00458000000000000
-0.00458000000000000
-0.00457000000000000
-0.00457000000000000
-0.00455000000000000
-0.00454000000000000
-0.00454000000000000
-0.00453000000000000
-0.00451000000000000
-0.00448000000000000
-0.00447000000000000
-0.00447000000000000
-0.00446000000000000
-0.00443000000000000
-0.00443000000000000
-0.00443000000000000
-0.00442000000000000
-0.00434000000000000
-0.00434000000000000
-0.00433000000000000
-0.00433000000000000
-0.00432000000000000
-0.00431000000000000
-0.00430000000000000
-0.00427000000000000
-0.00424000000000000
-0.00423000000000000
-0.00419000000000000
-0.00418000000000000
-0.00417000000000000
-0.00417000000000000
-0.00415000000000000
-0.00414000000000000
-0.00411000000000000
-0.00410000000000000
-0.00409000000000000
-0.00408000000000000
-0.00407000000000000
-0.00407000000000000
-0.00407000000000000
-0.00403000000000000
-0.00403000000000000
-0.00401000000000000
-0.00400000000000000
-0.00400000000000000
-0.00398000000000000
-0.00396000000000000
-0.00395000000000000
-0.00395000000000000
-0.00394000000000000
-0.00393000000000000
-0.00393000000000000
-0.00392000000000000
-0.00392000000000000
-0.00391000000000000
-0.00388000000000000
-0.00387000000000000
-0.00386000000000000
-0.00383000000000000
-0.00383000000000000
-0.00382000000000000
-0.00382000000000000
-0.00382000000000000
-0.00379000000000000
-0.00379000000000000
-0.00377000000000000
-0.00376000000000000
-0.00376000000000000
-0.00375000000000000
-0.00374000000000000
-0.00373000000000000
-0.00373000000000000
-0.00372000000000000
-0.00371000000000000
-0.00370000000000000
-0.00370000000000000
-0.00369000000000000
-0.00368000000000000
-0.00368000000000000
-0.00367000000000000
-0.00367000000000000
-0.00365000000000000
-0.00364000000000000