-1.88985000000000
-0.953400000000000
-0.953400000000000
-0.953400000000000
-0.625950000000000
-0.625950000000000
-0.625950000000000
-0.445970000000000
-0.400940000000000
-0.400940000000000
-0.400940000000000
-0.400120000000000
-0.400110000000000
-0.275900000000000
-0.275900000000000
-0.275900000000000
-0.224300000000000
-0.224300000000000
-0.224300000000000
-0.213020000000000
-0.176470000000000
-0.176460000000000
-0.160640000000000
-0.160640000000000
-0.160640000000000
-0.115980000000000
-0.115980000000000
-0.115980000000000
-0.106750000000000
-0.106750000000000
-0.106750000000000
-0.0943200000000000
-0.0888600000000000
-0.0888600000000000
-0.0846000000000000
-0.0846000000000000
-0.0846000000000000
-0.0704200000000000
-0.0704200000000000
-0.0704200000000000
-0.0647600000000000
-0.0646000000000000
-0.0646000000000000
-0.0646000000000000
-0.0635600000000000
-0.0582100000000000
-0.0582100000000000
-0.0582100000000000
-0.0534900000000000
-0.0534900000000000
-0.0504000000000000
-0.0504000000000000
-0.0504000000000000
-0.0494400000000000
-0.0494400000000000
-0.0437300000000000
-0.0437300000000000
-0.0437300000000000
-0.0405200000000000
-0.0405200000000000
-0.0405200000000000
-0.0388400000000000
-0.0382700000000000
-0.0382700000000000
-0.0382700000000000
-0.0332700000000000
-0.0332700000000000
-0.0332700000000000
-0.0330900000000000
-0.0330900000000000
-0.0330400000000000
-0.0330400000000000
-0.0330400000000000
-0.0310900000000000
-0.0305900000000000
-0.0305900000000000
-0.0305800000000000
-0.0266500000000000
-0.0266500000000000
-0.0266400000000000
-0.0258000000000000
-0.0257900000000000
-0.0257800000000000
-0.0256200000000000
-0.0256200000000000
-0.0256100000000000
-0.0255600000000000
-0.0244200000000000
-0.0243700000000000
-0.0243700000000000
-0.0243700000000000
-0.0230600000000000
-0.0230600000000000
-0.0213700000000000
-0.0213700000000000
-0.0209800000000000
-0.0209000000000000
-0.0209000000000000
-0.0209000000000000
-0.0201000000000000
-0.0176000000000000
-0.0175900000000000
-0.0166500000000000
-0.0165700000000000
-0.0165600000000000
-0.0164500000000000
-0.0164400000000000
-0.0161600000000000
-0.0161500000000000
-0.0161400000000000
-0.0157300000000000
-0.0157300000000000
-0.0157300000000000
-0.0149200000000000
-0.0147400000000000
-0.0147400000000000
-0.0147400000000000
-0.0145600000000000
-0.0145600000000000
-0.0141000000000000
-0.0141000000000000
-0.0140900000000000
-0.0134300000000000
-0.0134200000000000
-0.0134000000000000
-0.0131500000000000
-0.0131500000000000
-0.0131100000000000
-0.0131100000000000
-0.0131000000000000
-0.0127700000000000
-0.0126900000000000
-0.0126900000000000
-0.0126900000000000
-0.0120300000000000
-0.0117000000000000
-0.0117000000000000
-0.0116900000000000
-0.0112900000000000
-0.0112800000000000
-0.0112600000000000
-0.0111800000000000
-0.0111700000000000
-0.0111600000000000
-0.0109400000000000
-0.0109400000000000
-0.0109300000000000
-0.0108700000000000
-0.0103300000000000
-0.0103200000000000
-0.0102800000000000
-0.0102500000000000
-0.0102500000000000
-0.0102500000000000
-0.0102300000000000
-0.0102200000000000
-0.0102200000000000
-0.00980000000000000
-0.00980000000000000
-0.00978000000000000
-0.00952000000000000
-0.00952000000000000
-0.00951000000000000
-0.00931000000000000
-0.00931000000000000
-0.00931000000000000
-0.00922000000000000
-0.00921000000000000
-0.00916000000000000
-0.00916000000000000
-0.00916000000000000
-0.00894000000000000
-0.00894000000000000
-0.00894000000000000
-0.00855000000000000
-0.00855000000000000
-0.00854000000000000
-0.00835000000000000
-0.00834000000000000
-0.00834000000000000
-0.00834000000000000
-0.00834000000000000
-0.00823000000000000
-0.00823000000000000
-0.00823000000000000
-0.00798000000000000
-0.00798000000000000
-0.00797000000000000
-0.00778000000000000
-0.00776000000000000
-0.00776000000000000
-0.00776000000000000
-0.00775000000000000
-0.00775000000000000
-0.00775000000000000
-0.00773000000000000
-0.00773000000000000
-0.00746000000000000
-0.00739000000000000
-0.00738000000000000
-0.00738000000000000
-0.00710000000000000
-0.00710000000000000
-0.00706000000000000
-0.00706000000000000
-0.00706000000000000
-0.00689000000000000
-0.00689000000000000
-0.00688000000000000
-0.00679000000000000
-0.00664000000000000
-0.00662000000000000
-0.00662000000000000
-0.00662000000000000
-0.00661000000000000
-0.00661000000000000
-0.00661000000000000
-0.00652000000000000
-0.00652000000000000
-0.00652000000000000
-0.00638000000000000
-0.00637000000000000
-0.00619000000000000
-0.00619000000000000
-0.00619000000000000
-0.00606000000000000
-0.00606000000000000
-0.00606000000000000
-0.00604000000000000
-0.00604000000000000
-0.00603000000000000
-0.00601000000000000
-0.00601000000000000
-0.00601000000000000
-0.00599000000000000
-0.00596000000000000
-0.00591000000000000
-0.00591000000000000
-0.00581000000000000
-0.00568000000000000
-0.00568000000000000
-0.00568000000000000
-0.00558000000000000
-0.00558000000000000
-0.00557000000000000
-0.00556000000000000
-0.00556000000000000
-0.00556000000000000
-0.00546000000000000
-0.00546000000000000
-0.00546000000000000
-0.00539000000000000
-0.00537000000000000
-0.00537000000000000
-0.00537000000000000
-0.00535000000000000
-0.00535000000000000
-0.00530000000000000
-0.00530000000000000
-0.00530000000000000
-0.00524000000000000
-0.00524000000000000
-0.00524000000000000
-0.00515000000000000
-0.00515000000000000
-0.00513000000000000
-0.00513000000000000
-0.00513000000000000
-0.00502000000000000
-0.00502000000000000
-0.00501000000000000
-0.00474000000000000
-0.00471000000000000
-0.00470000000000000
-0.00470000000000000
-0.00470000000000000
-0.00470000000000000
-0.00470000000000000
-0.00470000000000000
-0.00469000000000000
-0.00464000000000000
-0.00464000000000000
-0.00464000000000000
-0.00462000000000000
-0.00462000000000000
-0.00462000000000000
-0.00460000000000000
-0.00460000000000000
-0.00460000000000000
-0.00452000000000000
-0.00452000000000000
-0.00450000000000000
-0.00450000000000000
-0.00450000000000000
-0.00441000000000000
-0.00436000000000000
-0.00436000000000000
-0.00436000000000000
-0.00434000000000000
-0.00434000000000000
-0.00425000000000000
-0.00425000000000000
-0.00425000000000000
-0.00416000000000000
-0.00416000000000000
-0.00416000000000000
-0.00411000000000000
-0.00407000000000000
-0.00407000000000000
-0.00407000000000000
-0.00406000000000000
-0.00406000000000000
-0.00406000000000000
-0.00406000000000000
-0.00406000000000000
-0.00400000000000000
-0.00400000000000000
-0.00400000000000000
-0.00393000000000000
-0.00393000000000000
-0.00393000000000000
-0.00387000000000000
-0.00387000000000000
-0.00387000000000000
-0.00386000000000000
-0.00383000000000000
-0.00383000000000000
-0.00383000000000000
-0.00377000000000000
-0.00374000000000000
-0.00374000000000000
-0.00373000000000000
-0.00373000000000000
-0.00373000000000000
-0.00371000000000000
-0.00371000000000000
-0.00371000000000000
-0.00366000000000000
-0.00366000000000000
-0.00366000000000000
-0.00365000000000000
-0.00364000000000000
-0.00364000000000000
-0.00364000000000000
-0.00363000000000000
-0.00363000000000000
-0.00355000000000000
-0.00355000000000000
-0.00355000000000000
-0.00350000000000000
-0.00350000000000000
-0.00350000000000000
-0.00348000000000000
-0.00344000000000000
-0.00344000000000000
-0.00338000000000000
-0.00338000000000000
-0.00338000000000000
-0.00335000000000000
-0.00332000000000000
-0.00332000000000000
-0.00332000000000000
-0.00331000000000000
-0.00331000000000000
-0.00331000000000000
-0.00329000000000000
-0.00329000000000000
-0.00324000000000000
-0.00324000000000000
-0.00324000000000000
-0.00323000000000000
-0.00323000000000000
-0.00323000000000000
-0.00323000000000000
-0.00322000000000000
-0.00320000000000000
-0.00320000000000000
-0.00320000000000000
-0.00318000000000000
-0.00318000000000000
-0.00314000000000000
-0.00314000000000000
-0.00313000000000000
-0.00307000000000000
-0.00307000000000000
-0.00306000000000000
-0.00303000000000000
-0.00303000000000000
-0.00303000000000000
-0.00303000000000000
-0.00303000000000000
-0.00302000000000000
-0.00302000000000000
-0.00302000000000000
-0.00301000000000000
-0.00290000000000000
-0.00290000000000000
-0.00290000000000000
-0.00290000000000000
-0.00290000000000000
-0.00289000000000000
-0.00289000000000000
-0.00288000000000000
-0.00286000000000000
-0.00283000000000000
-0.00283000000000000
-0.00283000000000000
-0.00282000000000000
-0.00282000000000000
-0.00282000000000000
-0.00279000000000000
-0.00279000000000000
-0.00279000000000000
-0.00278000000000000
-0.00278000000000000
-0.00278000000000000
-0.00275000000000000
-0.00274000000000000
-0.00273000000000000
-0.00272000000000000
-0.00272000000000000
-0.00270000000000000
-0.00269000000000000
-0.00269000000000000
-0.00267000000000000
-0.00267000000000000
-0.00267000000000000
-0.00265000000000000
-0.00265000000000000
-0.00264000000000000
-0.00263000000000000
-0.00263000000000000
-0.00261000000000000
-0.00260000000000000
-0.00260000000000000
-0.00259000000000000
-0.00259000000000000
-0.00259000000000000
-0.00258000000000000
-0.00256000000000000
-0.00256000000000000
-0.00256000000000000
-0.00254000000000000
-0.00253000000000000
-0.00253000000000000
-0.00252000000000000
-0.00251000000000000
-0.00250000000000000
-0.00249000000000000
-0.00248000000000000
-0.00248000000000000
-0.00247000000000000
-0.00247000000000000
-0.00246000000000000
-0.00246000000000000
-0.00246000000000000
-0.00245000000000000
-0.00245000000000000
-0.00245000000000000
-0.00243000000000000
-0.00240000000000000
-0.00240000000000000
-0.00240000000000000
-0.00237000000000000
-0.00234000000000000
-0.00234000000000000
-0.00234000000000000
-0.00233000000000000
-0.00233000000000000
-0.00233000000000000
-0.00232000000000000
-0.00232000000000000
-0.00232000000000000
-0.00231000000000000
-0.00230000000000000
-0.00230000000000000
-0.00230000000000000
-0.00230000000000000
-0.00230000000000000
-0.00228000000000000
-0.00228000000000000
-0.00228000000000000
-0.00227000000000000
-0.00227000000000000
-0.00221000000000000
-0.00221000000000000
-0.00221000000000000
-0.00219000000000000
-0.00219000000000000
-0.00219000000000000
-0.00217000000000000
-0.00216000000000000
-0.00216000000000000
-0.00216000000000000
-0.00216000000000000
-0.00216000000000000
-0.00216000000000000
-0.00215000000000000
-0.00215000000000000
-0.00215000000000000