#             iks              ib         Eks[eV]         Ein[eV]      Sc_Ein[eV]        Eout[eV]       Diff.[eV]
         1.000000        1.000000      -11.612127      -12.228030        9.823701      -12.228030        0.000000
         1.000000        2.000000      -11.455870      -12.028184        9.823380      -12.028184        0.000000
         1.000000        3.000000      -11.267571      -11.813228        9.702197      -11.813228        0.000000
         1.000000        4.000000      -11.082862      -11.687264        9.694055      -11.687264        0.000000
         1.000000        5.000000      -10.996941      -11.662748        9.659507      -11.662748        0.000000
         1.000000        6.000000      -10.920732      -11.509761        9.656315      -11.509761        0.000000
         1.000000        7.000000      -10.902285      -11.470731        9.703079      -11.470731        0.000000
         1.000000        8.000000      -10.856377      -11.423255        9.667664      -11.423255        0.000000
         1.000000        9.000000      -10.797551      -11.419810        9.615986      -11.419810        0.000000
         1.000000       10.000000      -10.787194      -11.372277        9.641108      -11.372277        0.000000
         1.000000       11.000000      -10.664324      -11.273552        9.606267      -11.273552        0.000000
         1.000000       12.000000      -10.613048      -11.118835        9.676983      -11.118835        0.000000
         1.000000       13.000000      -10.555928      -11.121684        9.611785      -11.121684        0.000000
         1.000000       14.000000      -10.424948      -10.984075        9.581066      -10.984075        0.000000
         1.000000       15.000000      -10.397012      -11.002350        9.542564      -11.002350        0.000000
         1.000000       16.000000      -10.369103      -10.960959        9.549347      -10.960959        0.000000
         1.000000       17.000000      -10.332328      -10.911970        9.531992      -10.911970        0.000000
         1.000000       18.000000      -10.252710      -10.845146        9.492950      -10.845146        0.000000
         1.000000       19.000000      -10.166463      -10.717919        9.521332      -10.717919        0.000000
         1.000000       20.000000      -10.140921      -10.749314        9.485213      -10.749314        0.000000
         1.000000       21.000000      -10.116713      -10.678238        9.528389      -10.678238        0.000000
         1.000000       22.000000      -10.110248      -10.581503        9.547878      -10.581503        0.000000
         1.000000       23.000000      -10.029570      -10.585180        9.506757      -10.585180        0.000000
         1.000000       24.000000       -9.995172      -10.615155        9.447520      -10.615155        0.000000
         1.000000       25.000000       -9.951291      -10.512646        9.479681      -10.512646        0.000000
         1.000000       26.000000       -9.907671      -10.460682        9.483439      -10.460682        0.000000
         1.000000       27.000000       -9.828761      -10.400343        9.431650      -10.400343        0.000000
         1.000000       28.000000       -9.745414      -10.326259        9.448208      -10.326259        0.000000
         1.000000       29.000000       -9.688626      -10.241494        9.455707      -10.241494        0.000000
         1.000000       30.000000       -9.636279      -10.193264        9.426400      -10.193264        0.000000
         1.000000       31.000000       -9.615345      -10.176626        9.403903      -10.176626        0.000000
         1.000000       32.000000       -9.554968      -10.114610        9.403598      -10.114610        0.000000
         1.000000       33.000000       -9.512955      -10.065217        9.423796      -10.065217        0.000000
         1.000000       34.000000       -9.466774      -10.038246        9.399862      -10.038246        0.000000
         1.000000       35.000000       -9.383075       -9.903796        9.420092       -9.903796        0.000000
         1.000000       36.000000       -9.343091       -9.886469        9.375091       -9.886469        0.000000
         1.000000       37.000000       -9.268118       -9.780624        9.359978       -9.780624        0.000000
         1.000000       38.000000       -9.224626       -9.758287        9.356838       -9.758287        0.000000
         1.000000       39.000000       -9.197955       -9.737286        9.370149       -9.737286        0.000000
         1.000000       40.000000       -9.153200       -9.641092        9.380348       -9.641092        0.000000
         1.000000       41.000000       -9.093621       -9.567329        9.389851       -9.567329        0.000000
         1.000000       42.000000       -9.086658       -9.601651        9.348140       -9.601651        0.000000
         1.000000       43.000000       -9.083758       -9.613531        9.342416       -9.613531        0.000000
         1.000000       44.000000       -9.026786       -9.548829        9.359959       -9.548829        0.000000
         1.000000       45.000000       -8.988935       -9.590611        9.281148       -9.590611        0.000000
         1.000000       46.000000       -8.948885       -9.523040        9.291005       -9.523040        0.000000
         1.000000       47.000000       -8.892225       -9.441069        9.311586       -9.441069        0.000000
         1.000000       48.000000       -8.874792       -9.448286        9.280254       -9.448286        0.000000
         1.000000       49.000000       -8.858564       -9.383010        9.315864       -9.383010        0.000000
         1.000000       50.000000       -8.804913       -9.381411        9.242600       -9.381411        0.000000
         1.000000       51.000000       -8.767932       -9.285241        9.303389       -9.285241        0.000000
         1.000000       52.000000       -8.728569       -9.241836        9.273987       -9.241836        0.000000
         1.000000       53.000000       -8.700115       -9.219973        9.276834       -9.219973        0.000000
         1.000000       54.000000       -8.649953       -9.175004        9.283146       -9.175004        0.000000
         1.000000       55.000000       -8.626512       -9.183497        9.236577       -9.183497        0.000000
         1.000000       56.000000       -8.604544       -9.168252        9.256843       -9.168252        0.000000
         1.000000       57.000000       -8.576076       -9.123595        9.261717       -9.123595        0.000000
         1.000000       58.000000       -8.558364       -9.136740        9.199955       -9.136740        0.000000
         1.000000       59.000000       -8.538494       -8.995121        9.292752       -8.995121        0.000000
         1.000000       60.000000       -8.516974       -9.058098        9.227847       -9.058098        0.000000
         1.000000       61.000000       -8.479253       -8.976345        9.261694       -8.976345        0.000000
         1.000000       62.000000       -8.456935       -9.019094        9.213587       -9.019094        0.000000
         1.000000       63.000000       -8.423242       -8.996879        9.188523       -8.996879        0.000000
         1.000000       64.000000       -8.411530       -8.962746        9.202435       -8.962746        0.000000
         1.000000       65.000000       -8.391150       -8.955103        9.200933       -8.955103        0.000000
         1.000000       66.000000       -8.330849       -8.891216        9.198943       -8.891216        0.000000
         1.000000       67.000000       -8.297676       -8.867076        9.202064       -8.867076        0.000000
         1.000000       68.000000       -8.260997       -8.782758        9.219421       -8.782758        0.000000
         1.000000       69.000000       -8.256461       -8.849245        9.183660       -8.849245        0.000000
         1.000000       70.000000       -8.221214       -8.717986        9.259488       -8.717986        0.000000
         1.000000       71.000000       -8.188011       -8.765346        9.193881       -8.765346        0.000000
         1.000000       72.000000       -8.165279       -8.746145        9.195037       -8.746145        0.000000
         1.000000       73.000000       -8.158606       -8.739928        9.166449       -8.739928        0.000000
         1.000000       74.000000       -8.138610       -8.726041        9.177945       -8.726041        0.000000
         1.000000       75.000000       -8.086417       -8.642262        9.180452       -8.642262        0.000000
         1.000000       76.000000       -8.077021       -8.649750        9.184445       -8.649750        0.000000
         1.000000       77.000000       -8.059873       -8.632437        9.164042       -8.632437        0.000000
         1.000000       78.000000       -8.034843       -8.603137        9.190264       -8.603137        0.000000
         1.000000       79.000000       -8.001456       -8.575896        9.156684       -8.575896        0.000000
         1.000000       80.000000       -7.991209       -8.520547        9.200469       -8.520547        0.000000
         1.000000       81.000000       -7.951282       -8.554051        9.104429       -8.554051        0.000000
         1.000000       82.000000       -7.926198       -8.486025        9.170124       -8.486025        0.000000
         1.000000       83.000000       -7.865742       -8.450012        9.135815       -8.450012        0.000000
         1.000000       84.000000       -7.861430       -8.421414        9.150288       -8.421414        0.000000
         1.000000       85.000000       -7.814842       -8.340116        9.173431       -8.340116        0.000000
         1.000000       86.000000       -7.795655       -8.371085        9.113167       -8.371085        0.000000
         1.000000       87.000000       -7.764980       -8.301450        9.196193       -8.301450        0.000000
         1.000000       88.000000       -7.733205       -8.343438        9.128256       -8.343438        0.000000
         1.000000       89.000000       -7.713716       -8.322204        9.126924       -8.322204        0.000000
         1.000000       90.000000       -7.705316       -8.323124        9.099203       -8.323124        0.000000
         1.000000       91.000000       -7.633188       -8.253526        9.080988       -8.253526        0.000000
         1.000000       92.000000       -7.617182       -8.245427        9.092105       -8.245427        0.000000
         1.000000       93.000000       -7.580810       -8.202607        9.081347       -8.202607        0.000000
         1.000000       94.000000       -7.445014       -7.972549        9.143014       -7.972549        0.000000
         1.000000       95.000000       -7.306748       -7.915239        9.029557       -7.915239        0.000000
         1.000000       96.000000       -7.238847       -7.548265        9.337345       -7.548265        0.000000
         1.000000       97.000000       -4.651309       -4.289454        7.460504       -4.289454        0.000000
         1.000000       98.000000       -4.342423       -4.030076        7.292683       -4.030076        0.000000
         1.000000       99.000000       -3.919370       -3.654617        7.043613       -3.654617        0.000000
         1.000000      100.000000       -3.731970       -3.495275        6.929072       -3.495275        0.000000
         1.000000      101.000000       -3.582524       -3.376194        6.846169       -3.376194        0.000000
         1.000000      102.000000       -3.564330       -3.313546        6.899723       -3.313546        0.000000
         1.000000      103.000000       -3.552999       -3.351660        6.839923       -3.351660        0.000000
         1.000000      104.000000       -3.454204       -3.371384        6.674522       -3.371384        0.000000
         1.000000      105.000000       -3.440491       -3.343106        6.682312       -3.343106        0.000000
         1.000000      106.000000       -3.406078       -3.317182        6.648911       -3.317182        0.000000
         1.000000      107.000000       -3.308498       -3.266134        6.574230       -3.266134        0.000000
         1.000000      108.000000       -3.285261       -3.229237        6.592136       -3.229237        0.000000
         1.000000      109.000000       -3.244493       -3.525294        6.248620       -3.525294        0.000000
         1.000000      110.000000       -3.212195       -3.282032        6.393487       -3.282032        0.000000
         1.000000      111.000000       -3.159572       -3.070169        6.566593       -3.070169        0.000000
         1.000000      112.000000       -3.118464       -3.263272        6.326072       -3.263272        0.000000
         1.000000      113.000000       -3.046381       -3.142994        6.295958       -3.142994        0.000000
         1.000000      114.000000       -3.015229       -3.479042        5.976886       -3.479042        0.000000
         1.000000      115.000000       -2.955211       -3.321290        6.042452       -3.321290        0.000000
         1.000000      116.000000       -2.936772       -3.364845        5.962304       -3.364845        0.000000
         1.000000      117.000000       -2.885414       -2.934683        6.315106       -2.934683        0.000000
         1.000000      118.000000       -2.856367       -3.198213        6.094253       -3.198213        0.000000
         1.000000      119.000000       -2.846559       -3.092671        6.150199       -3.092671        0.000000
         1.000000      120.000000       -2.839987       -2.978536        6.222220       -2.978536        0.000000
         1.000000      121.000000       -2.791239       -3.066633        6.114831       -3.066633        0.000000
         1.000000      122.000000       -2.757194       -3.015000        6.068009       -3.015000        0.000000
         1.000000      123.000000       -2.720324       -2.891562        6.157841       -2.891562        0.000000
         1.000000      124.000000       -2.690657       -2.893863        6.125895       -2.893863        0.000000
         1.000000      125.000000       -2.677775       -2.918067        6.052180       -2.918067        0.000000
         1.000000      126.000000       -2.658991       -2.772505        6.199176       -2.772505        0.000000
         1.000000      127.000000       -2.634704       -2.454185        6.419300       -2.454185        0.000000
         1.000000      128.000000       -2.612369       -2.490247        6.371462       -2.490247        0.000000
         1.000000      129.000000       -2.600501       -2.653906        6.229740       -2.653906        0.000000
         1.000000      130.000000       -2.569327       -2.518102        6.293383       -2.518102        0.000000
         1.000000      131.000000       -2.567461       -2.872304        6.001536       -2.872304        0.000000
         1.000000      132.000000       -2.536306       -2.565291        6.206121       -2.565291        0.000000
         1.000000      133.000000       -2.522871       -2.636059        6.117804       -2.636059        0.000000
         1.000000      134.000000       -2.504835       -2.635499        6.121679       -2.635499        0.000000
         1.000000      135.000000       -2.471326       -2.343034        6.347312       -2.343034        0.000000
         1.000000      136.000000       -2.456675       -2.667425        6.065853       -2.667425        0.000000
         1.000000      137.000000       -2.433970       -2.487057        6.151848       -2.487057        0.000000
         1.000000      138.000000       -2.420323       -2.645450        6.017245       -2.645450        0.000000
         1.000000      139.000000       -2.399106       -2.535018        6.058075       -2.535018        0.000000
         1.000000      140.000000       -2.383886       -2.767359        5.864076       -2.767359        0.000000
         1.000000      141.000000       -2.363729       -2.508396        6.060963       -2.508396        0.000000
         1.000000      142.000000       -2.331633       -2.534059        5.998074       -2.534059        0.000000
         1.000000      143.000000       -2.307480       -2.671698        5.871315       -2.671698        0.000000
         1.000000      144.000000       -2.277886       -2.620731        5.891353       -2.620731        0.000000
         1.000000      145.000000       -2.238131       -2.813742        5.656891       -2.813742        0.000000
         1.000000      146.000000       -2.203423       -2.450072        5.932243       -2.450072        0.000000
         1.000000      147.000000       -2.148584       -2.364906        5.899327       -2.364906        0.000000
         1.000000      148.000000       -2.124017       -2.344134        5.898510       -2.344134        0.000000
         1.000000      149.000000       -2.084709       -2.295526        5.849034       -2.295526        0.000000
         1.000000      150.000000       -2.044834       -2.391555        5.790687       -2.391555        0.000000
         1.000000      151.000000       -2.028608       -2.220976        5.857208       -2.220976        0.000000
         1.000000      152.000000       -1.989825       -2.311959        5.798009       -2.311959        0.000000
         1.000000      153.000000       -1.950024       -2.320872        5.729631       -2.320872        0.000000
         1.000000      154.000000       -1.922301       -2.308837        5.700986       -2.308837        0.000000
         1.000000      155.000000       -1.905264       -2.224154        5.791439       -2.224154        0.000000
         1.000000      156.000000       -1.833990       -2.346202        5.603740       -2.346202        0.000000
         1.000000      157.000000       -1.790140       -2.271806        5.550745       -2.271806        0.000000
         1.000000      158.000000       -1.758175       -2.039994        5.735995       -2.039994        0.000000
         1.000000      159.000000       -1.740861       -2.223610        5.575367       -2.223610        0.000000
         1.000000      160.000000       -1.681923       -2.086648        5.571072       -2.086648        0.000000
         1.000000      161.000000       -1.653853       -2.095431        5.616296       -2.095431        0.000000
         1.000000      162.000000       -1.611350       -1.929955        5.637825       -1.929955        0.000000
         1.000000      163.000000       -1.582172       -1.983341        5.592947       -1.983341        0.000000
         1.000000      164.000000       -1.550797       -1.830575        5.624672       -1.830575        0.000000
         1.000000      165.000000       -1.537938       -1.943447        5.549112       -1.943447        0.000000
         1.000000      166.000000       -1.490084       -1.733046        5.619419       -1.733046        0.000000
         1.000000      167.000000       -1.441831       -1.646900        5.615018       -1.646900        0.000000
         1.000000      168.000000       -1.378014       -1.773700        5.472714       -1.773700        0.000000
         1.000000      169.000000       -1.359182       -1.670215        5.593640       -1.670215        0.000000
         1.000000      170.000000       -1.325792       -1.603398        5.582591       -1.603398        0.000000
         1.000000      171.000000       -1.297696       -1.705853        5.474815       -1.705853        0.000000
         1.000000      172.000000       -1.279584       -1.659006        5.474957       -1.659006        0.000000
         1.000000      173.000000       -1.217549       -1.670532        5.431436       -1.670532        0.000000
         1.000000      174.000000       -1.200005       -1.524151        5.487567       -1.524151        0.000000
         1.000000      175.000000       -1.174093       -1.559988        5.461314       -1.559988        0.000000
         1.000000      176.000000       -1.107173       -1.517183        5.455632       -1.517183        0.000000
         1.000000      177.000000       -1.100774       -1.275524        5.560394       -1.275524        0.000000
         1.000000      178.000000       -1.073663       -1.500859        5.380650       -1.500859        0.000000
         1.000000      179.000000       -1.047629       -1.124777        5.562571       -1.124777        0.000000
         1.000000      180.000000       -0.994777       -1.130090        5.531229       -1.130090        0.000000
         1.000000      181.000000       -0.961840       -1.458348        5.273254       -1.458348        0.000000
         1.000000      182.000000       -0.901794       -1.044448        5.489374       -1.044448        0.000000
         1.000000      183.000000       -0.885876       -1.153389        5.385199       -1.153389        0.000000
         1.000000      184.000000       -0.843102       -1.115352        5.375501       -1.115352        0.000000
         1.000000      185.000000       -0.810176       -1.073570        5.358278       -1.073570        0.000000
         1.000000      186.000000       -0.780164       -1.143545        5.332068       -1.143545        0.000000
         1.000000      187.000000       -0.732647       -1.031017        5.335098       -1.031017        0.000000
         1.000000      188.000000       -0.689190       -1.129735        5.212739       -1.129735        0.000000
         1.000000      189.000000       -0.672457       -1.033729        5.306503       -1.033729        0.000000
         1.000000      190.000000       -0.651554       -0.950053        5.283544       -0.950053        0.000000
         1.000000      191.000000       -0.626997       -0.952110        5.296506       -0.952110        0.000000
         1.000000      192.000000       -0.584109       -1.074034        5.176140       -1.074034        0.000000
         1.000000      193.000000       -0.567057       -0.534113        5.439056       -0.534113        0.000000
         1.000000      194.000000       -0.549636       -0.329928        5.489163       -0.329928        0.000000
         1.000000      195.000000       -0.541814       -0.626003        5.364325       -0.626003        0.000000
         1.000000      196.000000       -0.522804       -0.604292        5.351789       -0.604292        0.000000
         1.000000      197.000000       -0.511178       -0.695298        5.331507       -0.695298        0.000000
         1.000000      198.000000       -0.495120       -0.874862        5.216070       -0.874862        0.000000
         1.000000      199.000000       -0.490918       -0.327169        5.473667       -0.327169        0.000000
         1.000000      200.000000       -0.476169       -0.338541        5.459533       -0.338541        0.000000
         1.000000      201.000000       -0.449181       -0.484491        5.338648       -0.484491        0.000000
         1.000000      202.000000       -0.437267       -0.225051        5.467616       -0.225051        0.000000
         1.000000      203.000000       -0.420850       -0.532193        5.329789       -0.532193        0.000000
         1.000000      204.000000       -0.410140       -0.256720        5.433106       -0.256720        0.000000
         1.000000      205.000000       -0.392715       -0.587772        5.230338       -0.587772        0.000000
         1.000000      206.000000       -0.379267       -0.484875        5.298469       -0.484875        0.000000
         1.000000      207.000000       -0.354761       -0.480252        5.273618       -0.480252        0.000000
         1.000000      208.000000       -0.332230       -0.638573        5.152568       -0.638573        0.000000
         1.000000      209.000000       -0.318919       -0.612626        5.196414       -0.612626        0.000000
         1.000000      210.000000       -0.266177       -0.598756        5.131799       -0.598756        0.000000
         1.000000      211.000000       -0.236204       -0.416446        5.203933       -0.416446        0.000000
         1.000000      212.000000       -0.223326       -0.416678        5.162355       -0.416678        0.000000
         1.000000      213.000000       -0.205712       -0.665649        5.050414       -0.665649        0.000000
         1.000000      214.000000       -0.147960       -0.531692        5.082421       -0.531692        0.000000
         1.000000      215.000000       -0.138335       -0.331923        5.130085       -0.331923        0.000000
         1.000000      216.000000       -0.122791       -0.446378        5.065026       -0.446378        0.000000
         1.000000      217.000000       -0.112750       -0.405918        5.090963       -0.405918        0.000000
         1.000000      218.000000       -0.078005       -0.298146        5.117916       -0.298146        0.000000
         1.000000      219.000000       -0.020084       -0.371561        5.041432       -0.371561        0.000000
         1.000000      220.000000       -0.009972       -0.449417        4.986370       -0.449417        0.000000
         1.000000      221.000000        0.026206       -0.297939        5.003294       -0.297939        0.000000
         1.000000      222.000000        0.055992       -0.367885        4.976076       -0.367885        0.000000
         1.000000      223.000000        0.115735       -0.152388        5.043539       -0.152388        0.000000
         1.000000      224.000000        0.131053       -0.111996        5.026844       -0.111996        0.000000
         1.000000      225.000000        0.159322       -0.207665        4.974652       -0.207665        0.000000
         1.000000      226.000000        0.166698       -0.106383        4.976666       -0.106383        0.000000
         1.000000      227.000000        0.187096       -0.193730        4.953878       -0.193730        0.000000
         1.000000      228.000000        0.210046       -0.183129        4.957963       -0.183129        0.000000
         1.000000      229.000000        0.221984       -0.223471        4.972247       -0.223471        0.000000
         1.000000      230.000000        0.289096        0.067794        4.990191        0.067794        0.000000
         1.000000      231.000000        0.303631       -0.096602        4.902433       -0.096602        0.000000
         1.000000      232.000000        0.314020       -0.030433        4.931391       -0.030433        0.000000
         1.000000      233.000000        0.321253        0.006295        4.935261        0.006295        0.000000
         1.000000      234.000000        0.345274        0.148817        4.933362        0.148817        0.000000
         1.000000      235.000000        0.381601        0.065072        4.894290        0.065072        0.000000
         1.000000      236.000000        0.406357        0.014601        4.885302        0.014601        0.000000
         1.000000      237.000000        0.451088        0.100169        4.855546        0.100169        0.000000
         1.000000      238.000000        0.467985        0.191431        4.928834        0.191431        0.000000
         1.000000      239.000000        0.476481        0.229613        4.853117        0.229613        0.000000
         1.000000      240.000000        0.504629        0.175322        4.851923        0.175322        0.000000
         1.000000      241.000000        0.526750        0.223861        4.829287        0.223861        0.000000
         1.000000      242.000000        0.533396        0.228609        4.815153        0.228609        0.000000
         1.000000      243.000000        0.560977        0.316207        4.809345        0.316207        0.000000
         1.000000      244.000000        0.600068        0.244239        4.803190        0.244239        0.000000
         1.000000      245.000000        0.601491        0.249097        4.830111        0.249097        0.000000
         1.000000      246.000000        0.627694        0.415985        4.806472        0.415985        0.000000
         1.000000      247.000000        0.652391        0.330485        4.775521        0.330485        0.000000
         1.000000      248.000000        0.662976        0.419429        4.813637        0.419429        0.000000
         1.000000      249.000000        0.677261        0.312031        4.797068        0.312031        0.000000
         1.000000      250.000000        0.698425        0.333413        4.788949        0.333413        0.000000
         1.000000      251.000000        0.722303        0.280221        4.722953        0.280221        0.000000
         1.000000      252.000000        0.753559        0.411335        4.753895        0.411335        0.000000
         1.000000      253.000000        0.769557        0.466383        4.731941        0.466383        0.000000
         1.000000      254.000000        0.784069        0.455455        4.753091        0.455455        0.000000
         1.000000      255.000000        0.836531        0.437091        4.701896        0.437091        0.000000
         1.000000      256.000000        0.858818        0.503237        4.713038        0.503237        0.000000
         1.000000      257.000000        0.883233        0.676877        4.758655        0.676877        0.000000
         1.000000      258.000000        0.897087        0.696708        4.688693        0.696708        0.000000
         1.000000      259.000000        0.907759        0.528202        4.690504        0.528202        0.000000
         1.000000      260.000000        0.926834        0.679330        4.693620        0.679330        0.000000
         1.000000      261.000000        0.936557        0.612659        4.736180        0.612659        0.000000
         1.000000      262.000000        0.949734        0.546672        4.676979        0.546672        0.000000
         1.000000      263.000000        0.989210        0.662863        4.626244        0.662863        0.000000
         1.000000      264.000000        0.992147        0.651655        4.642848        0.651655        0.000000
         1.000000      265.000000        1.022158        0.722311        4.615528        0.722311        0.000000
         1.000000      266.000000        1.058353        0.756068        4.646255        0.756068        0.000000
         1.000000      267.000000        1.074521        0.761763        4.645217        0.761763        0.000000
         1.000000      268.000000        1.078159        0.791807        4.645699        0.791807        0.000000
         1.000000      269.000000        1.100561        0.813957        4.620468        0.813957        0.000000
         1.000000      270.000000        1.115884        0.729544        4.620887        0.729544        0.000000
         1.000000      271.000000        1.164155        0.792337        4.566464        0.792337        0.000000
         1.000000      272.000000        1.165071        0.727989        4.637583        0.727989        0.000000
         1.000000      273.000000        1.197109        0.882270        4.592583        0.882270        0.000000
         1.000000      274.000000        1.203603        0.843654        4.603523        0.843654        0.000000
         1.000000      275.000000        1.249131        0.904640        4.614356        0.904640        0.000000
         1.000000      276.000000        1.268898        1.033435        4.553536        1.033435        0.000000
         1.000000      277.000000        1.286296        0.970222        4.558403        0.970222        0.000000
         1.000000      278.000000        1.303611        0.932164        4.556801        0.932164        0.000000
         1.000000      279.000000        1.319882        1.041473        4.534127        1.041473        0.000000
         1.000000      280.000000        1.344693        1.093832        4.540251        1.093832        0.000000
         1.000000      281.000000        1.346583        0.954919        4.566158        0.954919        0.000000
         1.000000      282.000000        1.379338        1.160544        4.511738        1.160544        0.000000
         1.000000      283.000000        1.387399        1.054947        4.507598        1.054947        0.000000
         1.000000      284.000000        1.421121        1.105680        4.509291        1.105680        0.000000
         1.000000      285.000000        1.434028        1.096038        4.504945        1.096038        0.000000
         1.000000      286.000000        1.467850        1.215475        4.468394        1.215475        0.000000
         1.000000      287.000000        1.482267        1.148717        4.498656        1.148717        0.000000
         1.000000      288.000000        1.485263        1.143138        4.489906        1.143138        0.000000
         1.000000      289.000000        1.518454        1.193939        4.450975        1.193939        0.000000
         1.000000      290.000000        1.535688        1.221043        4.489270        1.221043        0.000000
         1.000000      291.000000        1.547085        1.145180        4.501571        1.145180        0.000000
         1.000000      292.000000        1.561032        1.262131        4.447656        1.262131        0.000000
         1.000000      293.000000        1.581126        1.352430        4.452266        1.352430        0.000000
         1.000000      294.000000        1.612551        1.284207        4.407218        1.284207        0.000000
         1.000000      295.000000        1.644162        1.264971        4.459957        1.264971        0.000000
         1.000000      296.000000        1.651223        1.389707        4.425481        1.389707        0.000000
         1.000000      297.000000        1.675891        1.277634        4.448109        1.277634        0.000000
         1.000000      298.000000        1.685238        1.324808        4.450384        1.324808        0.000000
         1.000000      299.000000        1.708824        1.348918        4.454951        1.348918        0.000000
         1.000000      300.000000        1.726007        1.382291        4.454565        1.382291        0.000000
         1.000000      301.000000        1.779840        1.498046        4.431089        1.498046        0.000000
         1.000000      302.000000        1.788100        1.462317        4.427810        1.462317        0.000000
         1.000000      303.000000        1.818522        1.516491        4.404894        1.516491        0.000000
         1.000000      304.000000        1.830592        1.474337        4.369273        1.474337        0.000000
         1.000000      305.000000        1.856615        1.547668        4.386045        1.547668        0.000000
         1.000000      306.000000        1.872167        1.522090        4.363675        1.522090        0.000000
         1.000000      307.000000        1.882176        1.503402        4.381677        1.503402        0.000000
         1.000000      308.000000        1.902157        1.528188        4.377747        1.528188        0.000000
         1.000000      309.000000        1.924602        1.499059        4.354579        1.499059        0.000000
         1.000000      310.000000        1.948775        1.579867        4.383503        1.579867        0.000000
         1.000000      311.000000        1.977381        1.679155        4.296069        1.679155        0.000000
         1.000000      312.000000        1.982327        1.631310        4.341074        1.631310        0.000000
         1.000000      313.000000        1.996791        1.683268        4.297564        1.683268        0.000000
         1.000000      314.000000        2.038681        1.664434        4.316494        1.664434        0.000000
         1.000000      315.000000        2.051443        1.719984        4.306940        1.719984        0.000000
         1.000000      316.000000        2.091138        1.696331        4.336965        1.696331        0.000000
         1.000000      317.000000        2.100618        1.869760        4.254610        1.869760        0.000000
         1.000000      318.000000        2.137034        1.797167        4.302221        1.797167        0.000000
         1.000000      319.000000        2.157988        1.844638        4.311440        1.844638        0.000000
         1.000000      320.000000        2.171692        1.803334        4.296660        1.803334        0.000000
         1.000000      321.000000        2.186298        1.832545        4.313814        1.832545        0.000000
         1.000000      322.000000        2.208422        1.835948        4.301661        1.835948        0.000000
         1.000000      323.000000        2.221095        1.955176        4.221089        1.955176        0.000000
         1.000000      324.000000        2.240401        1.894623        4.277311        1.894623        0.000000
         1.000000      325.000000        2.248606        1.955630        4.271668        1.955630        0.000000
         1.000000      326.000000        2.285193        2.010037        4.263124        2.010037        0.000000
         1.000000      327.000000        2.292496        1.978994        4.270907        1.978994        0.000000
         1.000000      328.000000        2.319503        2.029980        4.218721        2.029980        0.000000
         1.000000      329.000000        2.325561        1.950245        4.208930        1.950245        0.000000
         1.000000      330.000000        2.359924        2.037607        4.287614        2.037607        0.000000
         1.000000      331.000000        2.363884        2.018330        4.301147        2.018330        0.000000
         1.000000      332.000000        2.371899        2.105837        4.218664        2.105837        0.000000
         1.000000      333.000000        2.399402        2.073429        4.227710        2.073429        0.000000
         1.000000      334.000000        2.416720        2.125398        4.157899        2.125398        0.000000
         1.000000      335.000000        2.446309        2.093878        4.199210        2.093878        0.000000
         1.000000      336.000000        2.455847        2.135394        4.264537        2.135394        0.000000
         1.000000      337.000000        2.471444        2.142026        4.213518        2.142026        0.000000
         1.000000      338.000000        2.516066        2.152018        4.187180        2.152018        0.000000
         1.000000      339.000000        2.525228        2.266727        4.162971        2.266727        0.000000
         1.000000      340.000000        2.532455        2.237591        4.189859        2.237591        0.000000
         1.000000      341.000000        2.560662        2.256056        4.173739        2.256056        0.000000
         1.000000      342.000000        2.590649        2.250816        4.170768        2.250816        0.000000
         1.000000      343.000000        2.597386        2.401836        4.088667        2.401836        0.000000
         1.000000      344.000000        2.626862        2.301409        4.165065        2.301409        0.000000
         1.000000      345.000000        2.638427        2.343413        4.148183        2.343413        0.000000
         1.000000      346.000000        2.663855        2.413550        4.082267        2.413550        0.000000
         1.000000      347.000000        2.676740        2.363632        4.112743        2.363632        0.000000
         1.000000      348.000000        2.706220        2.404541        4.118932        2.404541        0.000000
         1.000000      349.000000        2.726111        2.418116        4.080350        2.418116        0.000000
         1.000000      350.000000        2.748269        2.541121        4.066220        2.541121        0.000000
         1.000000      351.000000        2.767004        2.447622        4.126725        2.447622        0.000000
         1.000000      352.000000        2.776148        2.508788        4.104231        2.508788        0.000000
         1.000000      353.000000        2.805571        2.452998        4.095952        2.452998        0.000000
         1.000000      354.000000        2.818417        2.577562        4.070642        2.577562        0.000000
         1.000000      355.000000        2.841911        2.539799        4.101907        2.539799        0.000000
         1.000000      356.000000        2.873352        2.656884        4.013656        2.656884        0.000000
         1.000000      357.000000        2.886362        2.611485        4.054901        2.611485        0.000000
         1.000000      358.000000        2.895701        2.651057        4.003981        2.651057        0.000000
         1.000000      359.000000        2.938096        2.722123        3.991902        2.722123        0.000000
         1.000000      360.000000        2.948447        2.690478        3.990883        2.690478        0.000000
         1.000000      361.000000        2.965903        2.606862        4.107799        2.606862        0.000000
         1.000000      362.000000        2.982552        2.743967        4.016597        2.743967        0.000000
         1.000000      363.000000        3.000524        2.748938        3.957950        2.748938        0.000000
         1.000000      364.000000        3.026556        2.820507        3.937282        2.820507        0.000000
         1.000000      365.000000        3.036236        2.911832        3.877824        2.911832        0.000000
         1.000000      366.000000        3.059652        2.871329        3.899560        2.871329        0.000000
         1.000000      367.000000        3.063863        2.931191        3.832411        2.931191        0.000000
         1.000000      368.000000        3.088429        2.902961        3.855247        2.902961        0.000000
         1.000000      369.000000        3.097446        2.876817        3.898250        2.876817        0.000000
         1.000000      370.000000        3.122356        3.020240        3.764582        3.020240        0.000000
         1.000000      371.000000        3.138764        3.053726        3.693320        3.053726        0.000000
         1.000000      372.000000        3.141509        2.990179        3.835531        2.990179        0.000000
         1.000000      373.000000        3.155842        3.074791        3.689559        3.074791        0.000000
         1.000000      374.000000        3.165913        2.880279        4.003949        2.880279        0.000000
         1.000000      375.000000        3.185469        2.909561        3.941975        2.909561        0.000000
         1.000000      376.000000        3.218718        3.105270        3.716672        3.105270        0.000000
         1.000000      377.000000        3.223799        3.180670        3.607848        3.180670        0.000000
         1.000000      378.000000        3.232138        3.086388        3.723561        3.086388        0.000000
         1.000000      379.000000        3.241480        3.058124        3.812480        3.058124        0.000000
         1.000000      380.000000        3.264857        3.105187        3.817508        3.105187        0.000000
         1.000000      381.000000        3.275252        3.189046        3.657703        3.189046        0.000000
         1.000000      382.000000        3.280555        3.114752        3.749618        3.114752        0.000000
         1.000000      383.000000        3.294955        3.077233        3.864360        3.077233        0.000000
         1.000000      384.000000        3.302225        3.113554        3.828836        3.113554        0.000000
         1.000000      385.000000        3.330025        3.210922        3.637906        3.210922        0.000000
         1.000000      386.000000        3.350681        3.243411        3.657631        3.243411        0.000000
         1.000000      387.000000        3.367354        3.209006        3.747744        3.209006        0.000000
         1.000000      388.000000        3.390604        3.163943        3.825953        3.163943        0.000000
         1.000000      389.000000        3.402026        3.221109        3.757471        3.221109        0.000000
         1.000000      390.000000        3.413627        3.264129        3.726482        3.264129        0.000000
         1.000000      391.000000        3.429081        3.303549        3.720032        3.303549        0.000000
         1.000000      392.000000        3.438687        3.177652        3.884703        3.177652        0.000000
         1.000000      393.000000        3.447118        3.251047        3.789411        3.251047        0.000000
         1.000000      394.000000        3.470585        3.273478        3.817589        3.273478        0.000000
         1.000000      395.000000        3.485834        3.367076        3.699893        3.367076        0.000000
         1.000000      396.000000        3.488574        3.326522        3.685694        3.326522        0.000000
         1.000000      397.000000        3.513683        3.293857        3.795397        3.293857        0.000000
         1.000000      398.000000        3.527424        3.224444        3.909211        3.224444        0.000000
         1.000000      399.000000        3.551754        3.337192        3.733571        3.337192        0.000000
         1.000000      400.000000        3.561810        3.380759        3.730922        3.380759        0.000000
         1.000000      401.000000        3.573433        3.422706        3.683630        3.422706        0.000000
         1.000000      402.000000        3.590994        3.439333        3.629792        3.439333        0.000000
         1.000000      403.000000        3.599696        3.462468        3.670999        3.462468        0.000000
         1.000000      404.000000        3.623103        3.478777        3.625511        3.478777        0.000000
         1.000000      405.000000        3.629044        3.469207        3.629873        3.469207        0.000000
         1.000000      406.000000        3.649637        3.534841        3.581161        3.534841        0.000000
         1.000000      407.000000        3.657528        3.490401        3.626497        3.490401        0.000000
         1.000000      408.000000        3.684033        3.537389        3.604030        3.537389        0.000000
         1.000000      409.000000        3.713913        3.587411        3.596327        3.587411        0.000000
         1.000000      410.000000        3.725197        3.578920        3.649001        3.578920        0.000000
         1.000000      411.000000        3.735595        3.554871        3.659007        3.554871        0.000000
         1.000000      412.000000        3.776335        3.602400        3.653250        3.602400        0.000000
         1.000000      413.000000        3.792195        3.644924        3.560600        3.644924        0.000000
         1.000000      414.000000        3.798074        3.621566        3.644382        3.621566        0.000000
         1.000000      415.000000        3.813426        3.668641        3.569531        3.668641        0.000000
         1.000000      416.000000        3.847870        3.656092        3.675174        3.656092        0.000000
         1.000000      417.000000        3.859082        3.684764        3.626647        3.684764        0.000000
         1.000000      418.000000        3.873452        3.674494        3.651873        3.674494        0.000000
         1.000000      419.000000        3.878996        3.803413        3.418813        3.803413        0.000000
         1.000000      420.000000        3.894072        3.760009        3.542221        3.760009        0.000000
         1.000000      421.000000        3.902807        3.727721        3.696276        3.727721        0.000000
         1.000000      422.000000        3.930929        3.785375        3.595450        3.785375        0.000000
         1.000000      423.000000        3.970556        3.849161        3.481663        3.849161        0.000000
         1.000000      424.000000        3.989255        3.737608        3.790338        3.737608        0.000000
         1.000000      425.000000        4.003292        3.829181        3.662662        3.829181        0.000000
         1.000000      426.000000        4.014441        3.809140        3.701478        3.809140        0.000000
         1.000000      427.000000        4.025686        3.891596        3.559651        3.891596        0.000000
         1.000000      428.000000        4.033361        3.933735        3.475481        3.933735        0.000000
         1.000000      429.000000        4.061146        3.897849        3.580008        3.897849        0.000000
         1.000000      430.000000        4.070095        3.878288        3.633776        3.878288        0.000000
         1.000000      431.000000        4.095707        3.934775        3.636555        3.934775        0.000000
         1.000000      432.000000        4.109921        3.942223        3.603603        3.942223        0.000000
         1.000000      433.000000        4.134719        3.930220        3.664209        3.930220        0.000000
         1.000000      434.000000        4.150802        4.073529        3.365360        4.073529        0.000000
         1.000000      435.000000        4.157545        4.000991        3.488517        4.000991        0.000000
         1.000000      436.000000        4.164412        4.081149        3.409906        4.081149        0.000000
         1.000000      437.000000        4.180920        3.974430        3.682282        3.974430        0.000000
         1.000000      438.000000        4.196081        4.019127        3.550989        4.019127        0.000000
         1.000000      439.000000        4.209554        4.051855        3.520858        4.051855        0.000000
         1.000000      440.000000        4.228831        4.092633        3.481571        4.092633        0.000000
         1.000000      441.000000        4.254629        4.008403        3.779675        4.008403        0.000000
         1.000000      442.000000        4.259080        4.056314        3.609709        4.056314        0.000000
         1.000000      443.000000        4.288431        4.205151        3.308938        4.205151        0.000000
         1.000000      444.000000        4.298657        4.109627        3.595014        4.109627        0.000000
         1.000000      445.000000        4.307943        4.105813        3.618614        4.105813        0.000000
         1.000000      446.000000        4.323028        4.171491        3.567417        4.171491        0.000000
         1.000000      447.000000        4.352212        4.172944        3.513810        4.172944        0.000000
         1.000000      448.000000        4.358276        4.254055        3.451438        4.254055        0.000000
         1.000000      449.000000        4.372962        4.184959        3.590289        4.184959        0.000000
         1.000000      450.000000        4.402507        4.258313        3.476710        4.258313        0.000000
         1.000000      451.000000        4.429482        4.281199        3.551350        4.281199        0.000000
         1.000000      452.000000        4.442665        4.295496        3.482548        4.295496        0.000000
         1.000000      453.000000        4.450834        4.326710        3.422454        4.326710        0.000000
         1.000000      454.000000        4.462746        4.336063        3.506139        4.336063        0.000000
         1.000000      455.000000        4.473727        4.275521        3.554452        4.275521        0.000000
         1.000000      456.000000        4.485341        4.394900        3.390774        4.394900        0.000000
         1.000000      457.000000        4.506546        4.371223        3.527335        4.371223        0.000000
         1.000000      458.000000        4.540487        4.424068        3.445402        4.424068        0.000000
         1.000000      459.000000        4.555653        4.468641        3.286030        4.468641        0.000000
         1.000000      460.000000        4.556740        4.378531        3.564418        4.378531        0.000000
         1.000000      461.000000        4.568871        4.456714        3.437808        4.456714        0.000000
         1.000000      462.000000        4.580999        4.441352        3.456758        4.441352        0.000000
         1.000000      463.000000        4.608087        4.535184        3.232068        4.535184        0.000000
         1.000000      464.000000        4.618192        4.458718        3.541762        4.458718        0.000000
         1.000000      465.000000        4.620079        4.523680        3.317052        4.523680        0.000000
         1.000000      466.000000        4.652716        4.497539        3.434269        4.497539        0.000000
         1.000000      467.000000        4.687609        4.587103        3.276870        4.587103        0.000000
         1.000000      468.000000        4.703045        4.510054        3.604700        4.510054        0.000000
         1.000000      469.000000        4.709903        4.537141        3.534837        4.537141        0.000000
         1.000000      470.000000        4.738078        4.571423        3.506678        4.571423        0.000000
         1.000000      471.000000        4.758787        4.598047        3.480002        4.598047        0.000000
         1.000000      472.000000        4.765175        4.606522        3.562069        4.606522        0.000000
         1.000000      473.000000        4.776148        4.577732        3.498386        4.577732        0.000000
         1.000000      474.000000        4.787680        4.697293        3.358591        4.697293        0.000000
         1.000000      475.000000        4.804791        4.677718        3.490418        4.677718        0.000000
         1.000000      476.000000        4.830616        4.705306        3.391238        4.705306        0.000000
         1.000000      477.000000        4.863015        4.803444        3.116319        4.803444        0.000000
         1.000000      478.000000        4.878424        4.773096        3.352967        4.773096        0.000000
         1.000000      479.000000        4.883407        4.700746        3.577925        4.700746        0.000000
         1.000000      480.000000        4.904184        4.711764        3.522810        4.711764        0.000000
         1.000000      481.000000        4.914711        4.813933        3.319671        4.813933        0.000000
         1.000000      482.000000        4.923703        4.729025        3.508798        4.729025        0.000000
         1.000000      483.000000        4.937334        4.882601        3.157621        4.882601        0.000000
         1.000000      484.000000        4.951151        4.800646        3.409252        4.800646        0.000000
         1.000000      485.000000        4.964697        4.900713        3.207267        4.900713        0.000000
         1.000000      486.000000        4.999688        4.791471        3.545512        4.791471        0.000000
         1.000000      487.000000        5.011757        4.957822        3.044898        4.957822        0.000000
         1.000000      488.000000        5.020003        4.892440        3.359757        4.892440        0.000000
         1.000000      489.000000        5.046447        4.872957        3.389176        4.872957        0.000000
         1.000000      490.000000        5.059752        4.911311        3.409525        4.911311        0.000000
         1.000000      491.000000        5.076288        4.922803        3.403511        4.922803        0.000000
         1.000000      492.000000        5.087479        4.939746        3.381028        4.939746        0.000000
         1.000000      493.000000        5.106770        4.942608        3.374233        4.942608        0.000000
         1.000000      494.000000        5.123096        4.956885        3.381142        4.956885        0.000000
         1.000000      495.000000        5.139632        5.054509        3.093741        5.054509        0.000000
         1.000000      496.000000        5.145832        5.036069        3.432664        5.036069        0.000000
         1.000000      497.000000        5.153465        5.005735        3.431092        5.005735        0.000000
         1.000000      498.000000        5.185090        5.024409        3.342859        5.024409        0.000000
         1.000000      499.000000        5.206709        5.096510        3.220739        5.096510        0.000000
         1.000000      500.000000        5.217635        5.110324        3.243584        5.110324        0.000000
         1.000000      501.000000        5.229822        5.039289        3.487782        5.039289        0.000000
         1.000000      502.000000        5.272395        5.239336        2.900134        5.239336        0.000000
         1.000000      503.000000        5.274040        5.159099        3.251506        5.159099        0.000000
         1.000000      504.000000        5.316733        5.249248        3.138127        5.249248        0.000000
         1.000000      505.000000        5.331249        5.243401        3.106982        5.243401        0.000000
         1.000000      506.000000        5.346152        5.185101        3.421188        5.185101        0.000000
         1.000000      507.000000        5.365545        5.217957        3.327100        5.217957        0.000000
         1.000000      508.000000        5.382700        5.353818        2.996442        5.353818        0.000000
         1.000000      509.000000        5.402028        5.214373        3.445683        5.214373        0.000000
         1.000000      510.000000        5.413886        5.387603        2.906627        5.387603        0.000000
         1.000000      511.000000        5.442545        5.353100        3.185696        5.353100        0.000000
         1.000000      512.000000        5.458776        5.478147        2.807606        5.478147        0.000000
         1.000000      513.000000        5.471955        5.418038        2.949467        5.418038        0.000000
         1.000000      514.000000        5.491221        5.268714        3.642982        5.268714        0.000000
         1.000000      515.000000        5.516061        5.425131        3.193515        5.425131        0.000000
         1.000000      516.000000        5.538506        5.407905        3.261793        5.407905        0.000000
         1.000000      517.000000        5.555051        5.484947        3.156168        5.484947        0.000000
         1.000000      518.000000        5.559319        5.461925        3.144571        5.461925        0.000000
         1.000000      519.000000        5.570357        5.422341        3.355835        5.422341        0.000000
         1.000000      520.000000        5.615870        5.496532        3.163211        5.496532        0.000000
         1.000000      521.000000        5.620269        5.492939        3.288214        5.492939        0.000000
         1.000000      522.000000        5.645159        5.499237        3.297430        5.499237        0.000000
         1.000000      523.000000        5.656823        5.608340        2.926876        5.608340        0.000000
         1.000000      524.000000        5.683603        5.621307        2.989176        5.621307        0.000000
         1.000000      525.000000        5.684989        5.603456        3.100098        5.603456        0.000000
         1.000000      526.000000        5.707796        5.708904        2.657061        5.708904        0.000000
         1.000000      527.000000        5.718399        5.709668        2.745793        5.709668        0.000000
         1.000000      528.000000        5.726318        5.592946        3.220878        5.592946        0.000000
         1.000000      529.000000        5.740223        5.631106        3.068972        5.631106        0.000000
         1.000000      530.000000        5.759723        5.728350        2.800471        5.728350        0.000000
         1.000000      531.000000        5.779429        5.755170        2.625621        5.755170        0.000000
         1.000000      532.000000        5.794812        5.845043        2.440878        5.845043        0.000000
         1.000000      533.000000        5.814107        5.822679        2.664724        5.822679        0.000000
         1.000000      534.000000        5.819325        5.851738        2.429682        5.851738        0.000000
         1.000000      535.000000        5.858502        5.869992        2.509426        5.869992        0.000000
         1.000000      536.000000        5.871457        5.726323        3.295891        5.726323        0.000000
         1.000000      537.000000        5.906096        5.906878        2.527623        5.906878        0.000000
         1.000000      538.000000        5.910880        5.836071        2.850369        5.836071        0.000000
         1.000000      539.000000        5.922379        5.870425        2.739933        5.870425        0.000000
         1.000000      540.000000        5.932302        5.732378        3.528801        5.732378        0.000000
         1.000000      541.000000        5.935128        5.933743        2.641801        5.933743        0.000000
         1.000000      542.000000        5.944146        6.003048        2.533952        6.003048        0.000000
         1.000000      543.000000        5.949623        5.859976        2.987819        5.859976        0.000000
         1.000000      544.000000        5.965601        5.974750        2.615676        5.974750        0.000000
         1.000000      545.000000        5.971003        6.017467        2.427209        6.017467        0.000000
         1.000000      546.000000        5.987423        6.008221        2.587977        6.008221        0.000000
         1.000000      547.000000        6.002817        6.083291        2.468038        6.083291        0.000000
         1.000000      548.000000        6.012318        6.087240        2.443127        6.087240        0.000000
         1.000000      549.000000        6.016908        6.044767        2.669018        6.044767        0.000000
         1.000000      550.000000        6.029206        6.086653        2.510750        6.086653        0.000000
         1.000000      551.000000        6.046069        5.959782        3.078597        5.959782        0.000000
         1.000000      552.000000        6.064748        6.083832        2.506275        6.083832        0.000000
         1.000000      553.000000        6.085849        6.112393        2.542277        6.112393        0.000000
         1.000000      554.000000        6.102383        6.103808        2.717522        6.103808        0.000000
         1.000000      555.000000        6.108630        6.156953        2.406017        6.156953        0.000000
         1.000000      556.000000        6.133538        6.109045        2.641419        6.109045        0.000000
         1.000000      557.000000        6.139553        6.080383        2.858012        6.080383        0.000000
         1.000000      558.000000        6.155390        6.204668        2.353047        6.204668        0.000000
         1.000000      559.000000        6.174223        6.173082        2.542279        6.173082        0.000000
         1.000000      560.000000        6.191410        6.264358        2.290653        6.264358        0.000000
         1.000000      561.000000        6.226784        6.239520        2.547975        6.239520        0.000000
         1.000000      562.000000        6.259571        6.290042        2.498218        6.290042        0.000000
         1.000000      563.000000        6.272628        6.156353        3.064373        6.156353        0.000000
         1.000000      564.000000        6.292937        6.290680        2.723782        6.290680        0.000000
         1.000000      565.000000        6.301489        6.285338        2.712672        6.285338        0.000000
         1.000000      566.000000        6.356202        6.358594        2.692402        6.358594        0.000000
         1.000000      567.000000        6.390010        6.378903        2.661757        6.378903        0.000000
         1.000000      568.000000        6.484261        6.492358        2.712476        6.492358        0.000000
         1.000000      569.000000        6.505098        6.566258        2.396237        6.566258        0.000000
         1.000000      570.000000        6.600887        6.692577        2.190004        6.692577        0.000000
         1.000000      571.000000        6.702976        6.803175        2.094912        6.803175        0.000000
         1.000000      572.000000        6.743695        6.849296        2.025030        6.849296        0.000000
         1.000000      573.000000        6.880247        6.974065        1.712358        6.974065        0.000000
         1.000000      574.000000        6.889193        6.993181        1.758733        6.993181        0.000000
         1.000000      575.000000        7.133236        7.240690        1.581643        7.240690        0.000000
         1.000000      576.000000        7.469550        7.734327        1.080402        7.734327        0.000000
         1.000000      577.000000        7.771926        7.771370       -3.099615        7.771370        0.000000
         1.000000      578.000000        7.888738        7.931485       -3.549784        7.931485        0.000000
         1.000000      579.000000        7.939301        7.999493       -3.679725        7.999493        0.000000
         1.000000      580.000000        8.120548        8.222856       -3.642623        8.222856        0.000000
         1.000000      581.000000        8.272356        8.405440       -3.524699        8.405440        0.000000
         1.000000      582.000000        8.318631        8.424776       -3.652415        8.424776        0.000000
         1.000000      583.000000        8.359376        8.471987       -3.607969        8.471987        0.000000
         1.000000      584.000000        8.458805        8.602015       -3.572243        8.602015        0.000000
         1.000000      585.000000        8.526656        8.687947       -3.560054        8.687947        0.000000
         1.000000      586.000000        8.564823        8.736308       -3.595832        8.736308        0.000000
         1.000000      587.000000        8.636364        8.803793       -3.676947        8.803793        0.000000
         1.000000      588.000000        8.645823        8.790267       -3.662747        8.790267        0.000000
         1.000000      589.000000        8.729762        8.882870       -3.663231        8.882870        0.000000
         1.000000      590.000000        8.776776        8.946172       -3.719160        8.946172        0.000000
         1.000000      591.000000        8.843931        9.018604       -3.696331        9.018604        0.000000
         1.000000      592.000000        8.879877        9.081855       -3.707197        9.081855        0.000000
         1.000000      593.000000        8.923687        9.122424       -3.735106        9.122424        0.000000
         1.000000      594.000000        8.978371        9.227606       -3.874895        9.227606        0.000000
         1.000000      595.000000        8.988844        9.181414       -3.811209        9.181414        0.000000
         1.000000      596.000000        9.059016        9.245582       -3.851766        9.245582        0.000000
         1.000000      597.000000        9.109565        9.299512       -3.842016        9.299512        0.000000
         1.000000      598.000000        9.160919        9.352270       -3.877830        9.352270        0.000000
         1.000000      599.000000        9.185375        9.429127       -3.917213        9.429127        0.000000
         1.000000      600.000000        9.200456        9.424593       -3.948355        9.424593        0.000000
         1.000000      601.000000        9.246216        9.462182       -3.984144        9.462182        0.000000
         1.000000      602.000000        9.271089        9.487505       -3.948429        9.487505        0.000000
         1.000000      603.000000        9.304681        9.604214       -4.009588        9.604214        0.000000
         1.000000      604.000000        9.365043        9.837434       -4.061406        9.837434        0.000000
         1.000000      605.000000        9.394479        9.598090       -3.967320        9.598090        0.000000
         1.000000      606.000000        9.413403        9.616582       -4.022448        9.616582        0.000000
         1.000000      607.000000        9.470088        9.662464       -4.031411        9.662464        0.000000
         1.000000      608.000000        9.496703        9.691414       -4.003877        9.691414        0.000000
         1.000000      609.000000        9.530334        9.743818       -4.052924        9.743818        0.000000
         1.000000      610.000000        9.536173        9.735427       -4.071148        9.735427        0.000000
         1.000000      611.000000        9.563594        9.811648       -4.087851        9.811648        0.000000
         1.000000      612.000000        9.570868        9.757197       -4.079045        9.757197        0.000000
         1.000000      613.000000        9.583478        9.791047       -4.077887        9.791047        0.000000
         1.000000      614.000000        9.609463        9.850513       -4.084738        9.850513        0.000000
         1.000000      615.000000        9.658318        9.884276       -4.085222        9.884276        0.000000
         1.000000      616.000000        9.706876        9.931452       -4.171294        9.931452        0.000000
         1.000000      617.000000        9.719514       10.025255       -4.110370       10.025255        0.000000
         1.000000      618.000000        9.782426       10.041876       -4.121009       10.041876        0.000000
         1.000000      619.000000        9.787575       10.041989       -4.112226       10.041989        0.000000
         1.000000      620.000000        9.809221       10.042111       -4.063714       10.042111        0.000000
         1.000000      621.000000        9.817349       10.149768       -4.112964       10.149768        0.000000
         1.000000      622.000000        9.840226       10.069363       -4.156672       10.069363        0.000000
         1.000000      623.000000        9.871640       10.109601       -4.106054       10.109601        0.000000
         1.000000      624.000000        9.880624       10.168936       -4.105528       10.168936        0.000000
         1.000000      625.000000        9.891805       10.177177       -4.112168       10.177177        0.000000
         1.000000      626.000000        9.924519       10.349560       -4.143378       10.349560        0.000000
         1.000000      627.000000        9.943865       10.212724       -4.123223       10.212724        0.000000
         1.000000      628.000000        9.963445       10.322923       -4.122345       10.322923        0.000000
         1.000000      629.000000        9.992201       10.330072       -4.151682       10.330072        0.000000
         1.000000      630.000000       10.003687       10.406825       -4.172860       10.406825        0.000000
         1.000000      631.000000       10.034762       10.341872       -4.177461       10.341872        0.000000
         1.000000      632.000000       10.050302       10.360447       -4.148446       10.360447        0.000000
         1.000000      633.000000       10.058207       10.570347       -4.190481       10.570347        0.000000
         1.000000      634.000000       10.106961       10.431290       -4.195882       10.431290        0.000000
         1.000000      635.000000       10.128264       10.381189       -4.160176       10.381189        0.000000
         1.000000      636.000000       10.153950       10.482321       -4.190385       10.482321        0.000000
         1.000000      637.000000       10.160657       10.558211       -4.180164       10.558211        0.000000
         1.000000      638.000000       10.184055       10.444088       -4.185387       10.444088        0.000000
         1.000000      639.000000       10.231698       10.486120       -4.190585       10.486120        0.000000
         1.000000      640.000000       10.255911       10.545765       -4.225332       10.545765        0.000000
         1.000000      641.000000       10.293852       10.604515       -4.236203       10.604515        0.000000
         1.000000      642.000000       10.299655       10.683115       -4.253253       10.683115        0.000000
         1.000000      643.000000       10.327633       10.596844       -4.240685       10.596844        0.000000
         1.000000      644.000000       10.341107       10.707403       -4.250943       10.707403        0.000000
         1.000000      645.000000       10.356821       10.669796       -4.250672       10.669796        0.000000
         1.000000      646.000000       10.378953       10.655824       -4.283946       10.655824        0.000000
         1.000000      647.000000       10.386929       10.715623       -4.288008       10.715623        0.000000
         1.000000      648.000000       10.399237       10.690142       -4.258617       10.690142        0.000000
         1.000000      649.000000       10.423531       10.717531       -4.257410       10.717531        0.000000
         1.000000      650.000000       10.438684       10.876878       -4.303170       10.876878        0.000000
         1.000000      651.000000       10.481675       10.857464       -4.308783       10.857464        0.000000
         1.000000      652.000000       10.492519       10.902997       -4.315251       10.902997        0.000000
         1.000000      653.000000       10.512011       10.863397       -4.300907       10.863397        0.000000
         1.000000      654.000000       10.531901       10.892370       -4.302190       10.892370        0.000000
         1.000000      655.000000       10.578018       10.943951       -4.325099       10.943951        0.000000
         1.000000      656.000000       10.592731       10.891534       -4.304740       10.891534        0.000000
         1.000000      657.000000       10.609850       10.953184       -4.314658       10.953184        0.000000
         1.000000      658.000000       10.616711       10.882723       -4.341401       10.882723        0.000000
         1.000000      659.000000       10.631846       10.993567       -4.308270       10.993567        0.000000
         1.000000      660.000000       10.645373       10.986415       -4.350945       10.986415        0.000000
         1.000000      661.000000       10.670664       11.141909       -4.329969       11.141909        0.000000
         1.000000      662.000000       10.676390       11.026805       -4.329662       11.026805        0.000000
         1.000000      663.000000       10.693012       11.047371       -4.350593       11.047371        0.000000
         1.000000      664.000000       10.700994       10.992104       -4.355589       10.992104        0.000000
         1.000000      665.000000       10.734372       11.138039       -4.333247       11.138039        0.000000
         1.000000      666.000000       10.738792       11.118318       -4.365513       11.118318        0.000000
         1.000000      667.000000       10.749434       11.114027       -4.396654       11.114027        0.000000
         1.000000      668.000000       10.775040       11.105775       -4.386452       11.105775        0.000000
         1.000000      669.000000       10.803446       11.126382       -4.402767       11.126382        0.000000
         1.000000      670.000000       10.821086       11.183653       -4.372950       11.183653        0.000000
         1.000000      671.000000       10.834953       11.124928       -4.361568       11.124928        0.000000
         1.000000      672.000000       10.855709       11.141921       -4.398953       11.141921        0.000000
         1.000000      673.000000       10.869237       11.260534       -4.392706       11.260534        0.000000
         1.000000      674.000000       10.888312       11.338569       -4.394981       11.338569        0.000000
         1.000000      675.000000       10.903968       11.265457       -4.392495       11.265457        0.000000
         1.000000      676.000000       10.910390       11.258579       -4.443651       11.258579        0.000000
         1.000000      677.000000       10.935143       11.293379       -4.402889       11.293379        0.000000
         1.000000      678.000000       10.944564       11.366044       -4.418469       11.366044        0.000000
         1.000000      679.000000       10.961588       11.449725       -4.423038       11.449725        0.000000
         1.000000      680.000000       10.967528       11.331155       -4.438494       11.331155        0.000000
         1.000000      681.000000       10.999193       11.295006       -4.442485       11.295006        0.000000
         1.000000      682.000000       11.007025       11.477507       -4.401507       11.477507        0.000000
         1.000000      683.000000       11.037220       11.387648       -4.478652       11.387648        0.000000
         1.000000      684.000000       11.049067       11.443077       -4.451283       11.443077        0.000000
         1.000000      685.000000       11.070889       11.561303       -4.404388       11.561303        0.000000
         1.000000      686.000000       11.085355       11.452452       -4.452290       11.452452        0.000000
         1.000000      687.000000       11.116619       11.402473       -4.477385       11.402473        0.000000
         1.000000      688.000000       11.140099       11.488303       -4.486588       11.488303        0.000000
         1.000000      689.000000       11.161585       11.523985       -4.477673       11.523985        0.000000
         1.000000      690.000000       11.187405       11.483528       -4.512832       11.483528        0.000000
         1.000000      691.000000       11.207820       11.533074       -4.472866       11.533074        0.000000
         1.000000      692.000000       11.231282       11.562181       -4.510122       11.562181        0.000000
         1.000000      693.000000       11.248537       11.592908       -4.522079       11.592908        0.000000
         1.000000      694.000000       11.266651       11.263910       -4.384954       11.651072        0.387163
         1.000000      695.000000       11.285690       11.607662       -4.541716       11.607662        0.000000
         1.000000      696.000000       11.312862       13.424787       -2.834182       13.424787        0.000000
         1.000000      697.000000       11.314371       13.370607       -2.848998       13.370607        0.000000
         1.000000      698.000000       11.329594       11.659427       -4.549522       11.659427        0.000000
         1.000000      699.000000       11.334341       11.700210       -4.196303       11.700210        0.000000
         1.000000      700.000000       11.343608       11.099390       -4.309383       11.781845        0.682454
