#            iprt         eigenv.           conv.
         1.000000       -2.252316        0.000000
         2.000000       -1.789479        0.000000
         3.000000       -1.468723        1.000000
         4.000000       -1.468564        0.000000
         5.000000       -1.274275        0.000000
         6.000000       -0.860876        1.000000
         7.000000       -0.855502        1.000000
         8.000000       -0.821927        0.000000
         9.000000       -0.691577        0.000000
        10.000000       -0.666895        1.000000
        11.000000       -0.640809        1.000000
        12.000000       -0.580489        1.000000
        13.000000       -0.525898        0.000000
        14.000000       -0.520098        0.000000
        15.000000       -0.502402        1.000000
        16.000000       -0.464305        0.000000
        17.000000       -0.452755        1.000000
        18.000000       -0.428548        0.000000
        19.000000       -0.408445        0.000000
        20.000000       -0.402684        1.000000
        21.000000       -0.398860        0.000000
        22.000000       -0.382962        0.000000
        23.000000       -0.359734        1.000000
        24.000000       -0.350672        0.000000
        25.000000       -0.342481        0.000000
        26.000000       -0.336195        1.000000
        27.000000       -0.302911        0.000000
        28.000000       -0.283918        1.000000
        29.000000       -0.277716        0.000000
        30.000000       -0.274102        1.000000
        31.000000       -0.269463        1.000000
        32.000000       -0.263635        0.000000
        33.000000       -0.227593        0.000000
        34.000000       -0.221510        1.000000
        35.000000       -0.217003        1.000000
        36.000000       -0.207300        0.000000
        37.000000       -0.203763        0.000000
        38.000000       -0.192423        1.000000
        39.000000       -0.180908        0.000000
        40.000000       -0.179448        0.000000
        41.000000       -0.176216        0.000000
        42.000000       -0.160145        1.000000
        43.000000       -0.157751        1.000000
        44.000000       -0.155668        0.000000
        45.000000       -0.147227        1.000000
        46.000000       -0.145010        1.000000
        47.000000       -0.138517        0.000000
        48.000000       -0.129599        0.000000
        49.000000       -0.123664        1.000000
        50.000000       -0.123573        0.000000
        51.000000       -0.117766        0.000000
        52.000000       -0.116994        1.000000
        53.000000       -0.113730        1.000000
        54.000000       -0.109473        0.000000
        55.000000       -0.107034        1.000000
        56.000000       -0.105211        1.000000
        57.000000       -0.101502        1.000000
        58.000000       -0.101000        0.000000
        59.000000       -0.098696        1.000000
        60.000000       -0.097306        1.000000
        61.000000       -0.095554        1.000000
        62.000000       -0.090904        1.000000
        63.000000       -0.089655        1.000000
        64.000000       -0.087286        1.000000
        65.000000       -0.085518        1.000000
        66.000000       -0.083547        1.000000
        67.000000       -0.082485        1.000000
        68.000000       -0.082478        1.000000
        69.000000       -0.078938        1.000000
        70.000000       -0.077796        0.000000
        71.000000       -0.075401        1.000000
        72.000000       -0.073996        0.000000
        73.000000       -0.071831        1.000000
        74.000000       -0.071283        0.000000
        75.000000       -0.070061        0.000000
        76.000000       -0.069700        0.000000
        77.000000       -0.067791        1.000000
        78.000000       -0.067750        0.000000
        79.000000       -0.066343        0.000000
        80.000000       -0.063247        0.000000
        81.000000       -0.062581        0.000000
        82.000000       -0.060308        1.000000
        83.000000       -0.060173        1.000000
        84.000000       -0.059896        0.000000
        85.000000       -0.058360        0.000000
        86.000000       -0.057249        0.000000
        87.000000       -0.056952        0.000000
        88.000000       -0.055939        0.000000
        89.000000       -0.055256        0.000000
        90.000000       -0.054406        0.000000
        91.000000       -0.052747        0.000000
        92.000000       -0.052723        0.000000
        93.000000       -0.051559        0.000000
        94.000000       -0.050506        0.000000
        95.000000       -0.049883        1.000000
        96.000000       -0.049777        0.000000
        97.000000       -0.049269        0.000000
        98.000000       -0.048479        1.000000
        99.000000       -0.047709        0.000000
       100.000000       -0.046646        0.000000
       101.000000       -0.046167        1.000000
       102.000000       -0.045789        1.000000
       103.000000       -0.045725        1.000000
       104.000000       -0.045549        0.000000
       105.000000       -0.043846        1.000000
       106.000000       -0.043381        0.000000
       107.000000       -0.043060        0.000000
       108.000000       -0.042751        0.000000
       109.000000       -0.042194        0.000000
       110.000000       -0.041916        0.000000
       111.000000       -0.040734        1.000000
       112.000000       -0.040216        0.000000
       113.000000       -0.039468        1.000000
       114.000000       -0.039429        0.000000
       115.000000       -0.038594        0.000000
       116.000000       -0.038388        0.000000
       117.000000       -0.038126        0.000000
       118.000000       -0.036933        0.000000
       119.000000       -0.036322        1.000000
       120.000000       -0.036102        1.000000
       121.000000       -0.035885        1.000000
       122.000000       -0.035737        0.000000
       123.000000       -0.035272        0.000000
       124.000000       -0.034114        0.000000
       125.000000       -0.033888        0.000000
       126.000000       -0.033601        0.000000
       127.000000       -0.033218        1.000000
       128.000000       -0.032639        0.000000
       129.000000       -0.032158        0.000000
       130.000000       -0.032140        0.000000
       131.000000       -0.032016        0.000000
       132.000000       -0.031732        0.000000
       133.000000       -0.031127        0.000000
       134.000000       -0.030733        0.000000
       135.000000       -0.030555        0.000000
       136.000000       -0.030113        0.000000
       137.000000       -0.029897        0.000000
       138.000000       -0.029775        0.000000
       139.000000       -0.029460        0.000000
       140.000000       -0.029425        0.000000
       141.000000       -0.029123        0.000000
       142.000000       -0.028652        0.000000
       143.000000       -0.028550        0.000000
       144.000000       -0.027744        0.000000
       145.000000       -0.027656        0.000000
       146.000000       -0.027472        0.000000
       147.000000       -0.027266        0.000000
       148.000000       -0.026842        0.000000
       149.000000       -0.026518        0.000000
       150.000000       -0.026361        0.000000
       151.000000       -0.026299        0.000000
       152.000000       -0.025946        0.000000
       153.000000       -0.025622        0.000000
       154.000000       -0.025357        0.000000
       155.000000       -0.024842        0.000000
       156.000000       -0.024524        0.000000
       157.000000       -0.024410        0.000000
       158.000000       -0.024396        0.000000
       159.000000       -0.024114        0.000000
       160.000000       -0.024046        0.000000
       161.000000       -0.023958        0.000000
       162.000000       -0.023765        0.000000
       163.000000       -0.023518        0.000000
       164.000000       -0.023261        0.000000
       165.000000       -0.023215        0.000000
       166.000000       -0.022972        0.000000
       167.000000       -0.022748        0.000000
       168.000000       -0.022665        0.000000
       169.000000       -0.022604        0.000000
       170.000000       -0.022270        0.000000
       171.000000       -0.022201        0.000000
       172.000000       -0.021973        0.000000
       173.000000       -0.021779        0.000000
       174.000000       -0.021649        0.000000
       175.000000       -0.021222        0.000000
       176.000000       -0.021067        0.000000
       177.000000       -0.021017        0.000000
       178.000000       -0.020782        0.000000
       179.000000       -0.020736        0.000000
       180.000000       -0.020550        0.000000
       181.000000       -0.020309        0.000000
       182.000000       -0.020103        0.000000
       183.000000       -0.019993        0.000000
       184.000000       -0.019743        0.000000
       185.000000       -0.019524        0.000000
       186.000000       -0.019522        0.000000
       187.000000       -0.019421        0.000000
       188.000000       -0.019106        0.000000
       189.000000       -0.019032        0.000000
       190.000000       -0.018972        0.000000
       191.000000       -0.018787        0.000000
       192.000000       -0.018678        0.000000
       193.000000       -0.018596        0.000000
       194.000000       -0.018496        0.000000
       195.000000       -0.018219        0.000000
       196.000000       -0.018124        0.000000
       197.000000       -0.018073        0.000000
       198.000000       -0.018053        0.000000
       199.000000       -0.017860        0.000000
       200.000000       -0.017734        0.000000
       201.000000       -0.017650        0.000000
       202.000000       -0.017453        0.000000
       203.000000       -0.017311        0.000000
       204.000000       -0.017142        0.000000
       205.000000       -0.017135        0.000000
       206.000000       -0.017045        0.000000
       207.000000       -0.016898        0.000000
       208.000000       -0.016837        0.000000
       209.000000       -0.016700        0.000000
       210.000000       -0.016662        0.000000
       211.000000       -0.016480        0.000000
       212.000000       -0.016326        0.000000
       213.000000       -0.016251        0.000000
       214.000000       -0.016228        0.000000
       215.000000       -0.016224        0.000000
       216.000000       -0.015892        0.000000
       217.000000       -0.015831        0.000000
       218.000000       -0.015656        0.000000
       219.000000       -0.015623        0.000000
       220.000000       -0.015477        0.000000
       221.000000       -0.015387        0.000000
       222.000000       -0.015380        0.000000
       223.000000       -0.015283        0.000000
       224.000000       -0.015274        0.000000
       225.000000       -0.014991        0.000000
       226.000000       -0.014960        0.000000
       227.000000       -0.014846        0.000000
       228.000000       -0.014732        0.000000
       229.000000       -0.014660        0.000000
       230.000000       -0.014405        0.000000
       231.000000       -0.014365        0.000000
       232.000000       -0.014328        0.000000
       233.000000       -0.014247        0.000000
       234.000000       -0.014214        0.000000
       235.000000       -0.014069        0.000000
       236.000000       -0.014019        0.000000
       237.000000       -0.013958        0.000000
       238.000000       -0.013955        0.000000
       239.000000       -0.013839        0.000000
       240.000000       -0.013752        0.000000
       241.000000       -0.013688        0.000000
       242.000000       -0.013551        0.000000
       243.000000       -0.013510        0.000000
       244.000000       -0.013456        0.000000
       245.000000       -0.013332        0.000000
       246.000000       -0.013280        0.000000
       247.000000       -0.013103        0.000000
       248.000000       -0.013056        0.000000
       249.000000       -0.013018        0.000000
       250.000000       -0.012905        0.000000
       251.000000       -0.012851        0.000000
       252.000000       -0.012823        0.000000
       253.000000       -0.012819        0.000000
       254.000000       -0.012772        0.000000
       255.000000       -0.012474        0.000000
       256.000000       -0.012436        0.000000
       257.000000       -0.012412        0.000000
       258.000000       -0.012340        0.000000
       259.000000       -0.012307        0.000000
       260.000000       -0.012257        0.000000
       261.000000       -0.012203        0.000000
       262.000000       -0.012186        0.000000
       263.000000       -0.012074        0.000000
       264.000000       -0.011976        0.000000
       265.000000       -0.011908        0.000000
       266.000000       -0.011802        0.000000
       267.000000       -0.011787        0.000000
       268.000000       -0.011776        0.000000
       269.000000       -0.011761        0.000000
       270.000000       -0.011643        0.000000
       271.000000       -0.011578        0.000000
       272.000000       -0.011521        0.000000
       273.000000       -0.011446        0.000000
       274.000000       -0.011362        0.000000
       275.000000       -0.011346        0.000000
       276.000000       -0.011281        0.000000
       277.000000       -0.011260        0.000000
       278.000000       -0.011174        0.000000
       279.000000       -0.011090        0.000000
       280.000000       -0.011053        0.000000
       281.000000       -0.011028        0.000000
       282.000000       -0.010898        0.000000
       283.000000       -0.010852        0.000000
       284.000000       -0.010826        0.000000
       285.000000       -0.010721        0.000000
       286.000000       -0.010703        0.000000
       287.000000       -0.010669        0.000000
       288.000000       -0.010576        0.000000
       289.000000       -0.010550        0.000000
       290.000000       -0.010535        0.000000
       291.000000       -0.010492        0.000000
       292.000000       -0.010471        0.000000
       293.000000       -0.010383        0.000000
       294.000000       -0.010277        0.000000
       295.000000       -0.010272        0.000000
       296.000000       -0.010233        0.000000
       297.000000       -0.010129        0.000000
       298.000000       -0.010111        0.000000
       299.000000       -0.010046        0.000000
       300.000000       -0.010026        0.000000
       301.000000       -0.009976        0.000000
       302.000000       -0.009955        0.000000
       303.000000       -0.009915        0.000000
       304.000000       -0.009834        0.000000
       305.000000       -0.009827        0.000000
       306.000000       -0.009706        0.000000
       307.000000       -0.009691        0.000000
       308.000000       -0.009645        0.000000
       309.000000       -0.009603        0.000000
       310.000000       -0.009568        0.000000
       311.000000       -0.009547        0.000000
       312.000000       -0.009532        0.000000
       313.000000       -0.009460        0.000000
       314.000000       -0.009447        0.000000
       315.000000       -0.009390        0.000000
       316.000000       -0.009320        0.000000
       317.000000       -0.009253        0.000000
       318.000000       -0.009182        0.000000
       319.000000       -0.009173        0.000000
       320.000000       -0.009130        0.000000
       321.000000       -0.009048        0.000000
       322.000000       -0.009013        0.000000
       323.000000       -0.008993        0.000000
       324.000000       -0.008930        0.000000
       325.000000       -0.008884        0.000000
       326.000000       -0.008867        0.000000
       327.000000       -0.008832        0.000000
       328.000000       -0.008800        0.000000
       329.000000       -0.008792        0.000000
       330.000000       -0.008758        0.000000
       331.000000       -0.008714        0.000000
       332.000000       -0.008635        0.000000
       333.000000       -0.008607        0.000000
       334.000000       -0.008597        0.000000
       335.000000       -0.008589        0.000000
       336.000000       -0.008547        0.000000
       337.000000       -0.008493        0.000000
       338.000000       -0.008454        0.000000
       339.000000       -0.008434        0.000000
       340.000000       -0.008404        0.000000
       341.000000       -0.008389        0.000000
       342.000000       -0.008331        0.000000
       343.000000       -0.008314        0.000000
       344.000000       -0.008266        0.000000
       345.000000       -0.008248        0.000000
       346.000000       -0.008195        0.000000
       347.000000       -0.008147        0.000000
       348.000000       -0.008117        0.000000
       349.000000       -0.008103        0.000000
       350.000000       -0.008006        0.000000
       351.000000       -0.007990        0.000000
       352.000000       -0.007967        0.000000
       353.000000       -0.007914        0.000000
       354.000000       -0.007913        0.000000
       355.000000       -0.007879        0.000000
       356.000000       -0.007835        0.000000
       357.000000       -0.007819        0.000000
       358.000000       -0.007806        0.000000
       359.000000       -0.007784        0.000000
       360.000000       -0.007730        0.000000
       361.000000       -0.007680        0.000000
       362.000000       -0.007666        0.000000
       363.000000       -0.007626        0.000000
       364.000000       -0.007553        0.000000
       365.000000       -0.007530        0.000000
       366.000000       -0.007432        0.000000
       367.000000       -0.007402        0.000000
       368.000000       -0.007358        0.000000
       369.000000       -0.007336        0.000000
       370.000000       -0.007322        0.000000
       371.000000       -0.007310        0.000000
       372.000000       -0.007278        0.000000
       373.000000       -0.007268        0.000000
       374.000000       -0.007224        0.000000
       375.000000       -0.007195        0.000000
       376.000000       -0.007176        0.000000
       377.000000       -0.007158        0.000000
       378.000000       -0.007148        0.000000
       379.000000       -0.007109        0.000000
       380.000000       -0.007093        0.000000
       381.000000       -0.007038        0.000000
       382.000000       -0.007028        0.000000
       383.000000       -0.006983        0.000000
       384.000000       -0.006946        0.000000
       385.000000       -0.006907        0.000000
       386.000000       -0.006883        0.000000
       387.000000       -0.006865        0.000000
       388.000000       -0.006850        0.000000
       389.000000       -0.006817        0.000000
       390.000000       -0.006790        0.000000
       391.000000       -0.006783        0.000000
       392.000000       -0.006762        0.000000
       393.000000       -0.006731        0.000000
       394.000000       -0.006708        0.000000
       395.000000       -0.006689        0.000000
       396.000000       -0.006671        0.000000
       397.000000       -0.006663        0.000000
       398.000000       -0.006600        0.000000
       399.000000       -0.006584        0.000000
       400.000000       -0.006557        0.000000
       401.000000       -0.006515        0.000000
       402.000000       -0.006487        0.000000
       403.000000       -0.006448        0.000000
       404.000000       -0.006433        0.000000
       405.000000       -0.006415        0.000000
       406.000000       -0.006394        0.000000
       407.000000       -0.006350        0.000000
       408.000000       -0.006342        0.000000
       409.000000       -0.006321        0.000000
       410.000000       -0.006300        0.000000
       411.000000       -0.006275        0.000000
       412.000000       -0.006261        0.000000
       413.000000       -0.006239        0.000000
       414.000000       -0.006209        0.000000
       415.000000       -0.006188        0.000000
       416.000000       -0.006152        0.000000
       417.000000       -0.006142        0.000000
       418.000000       -0.006106        0.000000
       419.000000       -0.006098        0.000000
       420.000000       -0.006085        0.000000
       421.000000       -0.006057        0.000000
       422.000000       -0.006047        0.000000
       423.000000       -0.006008        0.000000
       424.000000       -0.005978        0.000000
       425.000000       -0.005954        0.000000
       426.000000       -0.005940        0.000000
       427.000000       -0.005921        0.000000
       428.000000       -0.005876        0.000000
       429.000000       -0.005862        0.000000
       430.000000       -0.005841        0.000000
       431.000000       -0.005811        0.000000
       432.000000       -0.005753        0.000000
       433.000000       -0.005744        0.000000
       434.000000       -0.005718        0.000000
       435.000000       -0.005712        0.000000
       436.000000       -0.005695        0.000000
       437.000000       -0.005681        0.000000
       438.000000       -0.005657        0.000000
       439.000000       -0.005648        0.000000
       440.000000       -0.005638        0.000000
       441.000000       -0.005606        0.000000
       442.000000       -0.005601        0.000000
       443.000000       -0.005596        0.000000
       444.000000       -0.005566        0.000000
       445.000000       -0.005540        0.000000
       446.000000       -0.005527        0.000000
       447.000000       -0.005499        0.000000
       448.000000       -0.005487        0.000000
       449.000000       -0.005464        0.000000
       450.000000       -0.005442        0.000000
       451.000000       -0.005417        0.000000
       452.000000       -0.005404        0.000000
       453.000000       -0.005376        0.000000
       454.000000       -0.005354        0.000000
       455.000000       -0.005343        0.000000
       456.000000       -0.005321        0.000000
       457.000000       -0.005303        0.000000
       458.000000       -0.005277        0.000000
       459.000000       -0.005249        0.000000
       460.000000       -0.005242        0.000000
       461.000000       -0.005211        0.000000
       462.000000       -0.005180        0.000000
       463.000000       -0.005171        0.000000
       464.000000       -0.005155        0.000000
       465.000000       -0.005129        0.000000
       466.000000       -0.005111        0.000000
       467.000000       -0.005094        0.000000
       468.000000       -0.005083        0.000000
       469.000000       -0.005071        0.000000
       470.000000       -0.005055        0.000000
       471.000000       -0.005033        0.000000
       472.000000       -0.005012        0.000000
       473.000000       -0.004988        0.000000
       474.000000       -0.004973        0.000000
       475.000000       -0.004947        0.000000
       476.000000       -0.004938        0.000000
       477.000000       -0.004906        0.000000
       478.000000       -0.004883        0.000000
       479.000000       -0.004874        0.000000
       480.000000       -0.004865        0.000000
       481.000000       -0.004850        0.000000
       482.000000       -0.004847        0.000000
       483.000000       -0.004814        0.000000
       484.000000       -0.004802        0.000000
       485.000000       -0.004776        0.000000
       486.000000       -0.004765        0.000000
       487.000000       -0.004761        0.000000
       488.000000       -0.004715        0.000000
       489.000000       -0.004706        0.000000
       490.000000       -0.004691        0.000000
       491.000000       -0.004664        0.000000
       492.000000       -0.004642        0.000000
       493.000000       -0.004630        0.000000
       494.000000       -0.004608        0.000000
       495.000000       -0.004594        0.000000
       496.000000       -0.004589        0.000000
       497.000000       -0.004567        0.000000
       498.000000       -0.004547        0.000000
       499.000000       -0.004531        0.000000
       500.000000       -0.004520        0.000000
