#            iprt         eigenv.           conv.
         1.000000       -2.252316        1.000000
         2.000000       -1.789479        1.000000
         3.000000       -1.468723        1.000000
         4.000000       -1.468564        1.000000
         5.000000       -1.274275        1.000000
         6.000000       -0.860876        1.000000
         7.000000       -0.855502        1.000000
         8.000000       -0.821927        1.000000
         9.000000       -0.691577        1.000000
        10.000000       -0.666895        1.000000
        11.000000       -0.640809        1.000000
        12.000000       -0.580489        1.000000
        13.000000       -0.525899        1.000000
        14.000000       -0.520098        1.000000
        15.000000       -0.502402        1.000000
        16.000000       -0.464305        1.000000
        17.000000       -0.452755        1.000000
        18.000000       -0.428548        1.000000
        19.000000       -0.408445        1.000000
        20.000000       -0.402684        1.000000
        21.000000       -0.398860        1.000000
        22.000000       -0.382962        1.000000
        23.000000       -0.359734        1.000000
        24.000000       -0.350672        1.000000
        25.000000       -0.342481        1.000000
        26.000000       -0.336195        1.000000
        27.000000       -0.302911        1.000000
        28.000000       -0.283918        1.000000
        29.000000       -0.277717        1.000000
        30.000000       -0.274102        1.000000
        31.000000       -0.269463        1.000000
        32.000000       -0.263635        1.000000
        33.000000       -0.227593        1.000000
        34.000000       -0.221510        1.000000
        35.000000       -0.217003        1.000000
        36.000000       -0.207300        1.000000
        37.000000       -0.203763        1.000000
        38.000000       -0.192423        1.000000
        39.000000       -0.180908        1.000000
        40.000000       -0.179448        1.000000
        41.000000       -0.176216        1.000000
        42.000000       -0.160145        1.000000
        43.000000       -0.157751        1.000000
        44.000000       -0.155668        1.000000
        45.000000       -0.147227        1.000000
        46.000000       -0.145010        1.000000
        47.000000       -0.138517        1.000000
        48.000000       -0.129599        1.000000
        49.000000       -0.123664        1.000000
        50.000000       -0.123573        1.000000
        51.000000       -0.117766        1.000000
        52.000000       -0.116994        1.000000
        53.000000       -0.113730        1.000000
        54.000000       -0.109473        1.000000
        55.000000       -0.107034        1.000000
        56.000000       -0.105211        1.000000
        57.000000       -0.101502        1.000000
        58.000000       -0.101000        1.000000
        59.000000       -0.098697        1.000000
        60.000000       -0.097306        1.000000
        61.000000       -0.095554        1.000000
        62.000000       -0.090904        1.000000
        63.000000       -0.089655        1.000000
        64.000000       -0.087286        1.000000
        65.000000       -0.085518        1.000000
        66.000000       -0.083547        1.000000
        67.000000       -0.082485        1.000000
        68.000000       -0.082478        1.000000
        69.000000       -0.078938        1.000000
        70.000000       -0.077796        1.000000
        71.000000       -0.075401        1.000000
        72.000000       -0.073997        1.000000
        73.000000       -0.071831        1.000000
        74.000000       -0.071284        1.000000
        75.000000       -0.070061        1.000000
        76.000000       -0.069700        1.000000
        77.000000       -0.067792        1.000000
        78.000000       -0.067750        1.000000
        79.000000       -0.066343        1.000000
        80.000000       -0.063248        1.000000
        81.000000       -0.062581        1.000000
        82.000000       -0.060308        1.000000
        83.000000       -0.060174        1.000000
        84.000000       -0.059896        1.000000
        85.000000       -0.058360        1.000000
        86.000000       -0.057249        1.000000
        87.000000       -0.056953        1.000000
        88.000000       -0.055940        1.000000
        89.000000       -0.055257        1.000000
        90.000000       -0.054406        1.000000
        91.000000       -0.052747        1.000000
        92.000000       -0.052724        1.000000
        93.000000       -0.051561        1.000000
        94.000000       -0.050507        1.000000
        95.000000       -0.049884        1.000000
        96.000000       -0.049777        1.000000
        97.000000       -0.049269        1.000000
        98.000000       -0.048479        1.000000
        99.000000       -0.047710        1.000000
       100.000000       -0.046646        1.000000
       101.000000       -0.046168        1.000000
       102.000000       -0.045790        1.000000
       103.000000       -0.045725        1.000000
       104.000000       -0.045549        1.000000
       105.000000       -0.043847        1.000000
       106.000000       -0.043382        1.000000
       107.000000       -0.043061        1.000000
       108.000000       -0.042752        1.000000
       109.000000       -0.042195        1.000000
       110.000000       -0.041917        1.000000
       111.000000       -0.040735        1.000000
       112.000000       -0.040217        1.000000
       113.000000       -0.039469        1.000000
       114.000000       -0.039430        1.000000
       115.000000       -0.038596        1.000000
       116.000000       -0.038390        1.000000
       117.000000       -0.038127        1.000000
       118.000000       -0.036934        1.000000
       119.000000       -0.036324        1.000000
       120.000000       -0.036104        1.000000
       121.000000       -0.035886        1.000000
       122.000000       -0.035739        1.000000
       123.000000       -0.035275        1.000000
       124.000000       -0.034116        1.000000
       125.000000       -0.033890        1.000000
       126.000000       -0.033603        1.000000
       127.000000       -0.033219        1.000000
       128.000000       -0.032642        1.000000
       129.000000       -0.032162        1.000000
       130.000000       -0.032142        1.000000
       131.000000       -0.032020        1.000000
       132.000000       -0.031734        1.000000
       133.000000       -0.031130        1.000000
       134.000000       -0.030738        1.000000
       135.000000       -0.030557        1.000000
       136.000000       -0.030115        1.000000
       137.000000       -0.029900        1.000000
       138.000000       -0.029779        1.000000
       139.000000       -0.029463        1.000000
       140.000000       -0.029429        1.000000
       141.000000       -0.029127        1.000000
       142.000000       -0.028654        1.000000
       143.000000       -0.028556        1.000000
       144.000000       -0.027747        1.000000
       145.000000       -0.027660        1.000000
       146.000000       -0.027478        1.000000
       147.000000       -0.027270        1.000000
       148.000000       -0.026847        1.000000
       149.000000       -0.026523        1.000000
       150.000000       -0.026366        1.000000
       151.000000       -0.026304        1.000000
       152.000000       -0.025950        1.000000
       153.000000       -0.025629        1.000000
       154.000000       -0.025364        1.000000
       155.000000       -0.024848        1.000000
       156.000000       -0.024528        1.000000
       157.000000       -0.024416        1.000000
       158.000000       -0.024402        1.000000
       159.000000       -0.024119        1.000000
       160.000000       -0.024052        1.000000
       161.000000       -0.023962        1.000000
       162.000000       -0.023770        1.000000
       163.000000       -0.023526        1.000000
       164.000000       -0.023268        1.000000
       165.000000       -0.023221        1.000000
       166.000000       -0.022979        1.000000
       167.000000       -0.022756        1.000000
       168.000000       -0.022675        1.000000
       169.000000       -0.022612        1.000000
       170.000000       -0.022277        1.000000
       171.000000       -0.022209        1.000000
       172.000000       -0.021982        1.000000
       173.000000       -0.021788        1.000000
       174.000000       -0.021656        1.000000
       175.000000       -0.021232        1.000000
       176.000000       -0.021077        1.000000
       177.000000       -0.021027        1.000000
       178.000000       -0.020792        1.000000
       179.000000       -0.020748        1.000000
       180.000000       -0.020563        1.000000
       181.000000       -0.020320        1.000000
       182.000000       -0.020115        1.000000
       183.000000       -0.020003        1.000000
       184.000000       -0.019758        1.000000
       185.000000       -0.019536        1.000000
       186.000000       -0.019535        1.000000
       187.000000       -0.019432        1.000000
       188.000000       -0.019123        1.000000
       189.000000       -0.019044        1.000000
       190.000000       -0.018985        1.000000
       191.000000       -0.018801        1.000000
       192.000000       -0.018689        1.000000
       193.000000       -0.018611        1.000000
       194.000000       -0.018510        1.000000
       195.000000       -0.018233        1.000000
       196.000000       -0.018143        1.000000
       197.000000       -0.018089        1.000000
       198.000000       -0.018068        1.000000
       199.000000       -0.017873        1.000000
       200.000000       -0.017750        1.000000
       201.000000       -0.017670        1.000000
       202.000000       -0.017473        1.000000
       203.000000       -0.017333        1.000000
       204.000000       -0.017157        1.000000
       205.000000       -0.017156        1.000000
       206.000000       -0.017070        1.000000
       207.000000       -0.016920        1.000000
       208.000000       -0.016859        1.000000
       209.000000       -0.016713        1.000000
       210.000000       -0.016680        1.000000
       211.000000       -0.016502        1.000000
       212.000000       -0.016346        1.000000
       213.000000       -0.016279        1.000000
       214.000000       -0.016249        1.000000
       215.000000       -0.016246        1.000000
       216.000000       -0.015915        1.000000
       217.000000       -0.015864        1.000000
       218.000000       -0.015686        1.000000
       219.000000       -0.015656        1.000000
       220.000000       -0.015506        1.000000
       221.000000       -0.015411        1.000000
       222.000000       -0.015402        1.000000
       223.000000       -0.015305        1.000000
       224.000000       -0.015303        1.000000
       225.000000       -0.015025        1.000000
       226.000000       -0.014993        1.000000
       227.000000       -0.014874        1.000000
       228.000000       -0.014760        1.000000
       229.000000       -0.014694        1.000000
       230.000000       -0.014444        1.000000
       231.000000       -0.014398        1.000000
       232.000000       -0.014364        1.000000
       233.000000       -0.014280        1.000000
       234.000000       -0.014244        1.000000
       235.000000       -0.014098        1.000000
       236.000000       -0.014051        1.000000
       237.000000       -0.013992        1.000000
       238.000000       -0.013991        1.000000
       239.000000       -0.013873        1.000000
       240.000000       -0.013795        1.000000
       241.000000       -0.013730        1.000000
       242.000000       -0.013600        1.000000
       243.000000       -0.013553        1.000000
       244.000000       -0.013492        1.000000
       245.000000       -0.013388        1.000000
       246.000000       -0.013322        1.000000
       247.000000       -0.013157        1.000000
       248.000000       -0.013099        1.000000
       249.000000       -0.013062        1.000000
       250.000000       -0.012961        1.000000
       251.000000       -0.012894        1.000000
       252.000000       -0.012866        1.000000
       253.000000       -0.012859        1.000000
       254.000000       -0.012815        1.000000
       255.000000       -0.012528        1.000000
       256.000000       -0.012482        1.000000
       257.000000       -0.012478        1.000000
       258.000000       -0.012392        1.000000
       259.000000       -0.012360        1.000000
       260.000000       -0.012332        1.000000
       261.000000       -0.012256        1.000000
       262.000000       -0.012250        1.000000
       263.000000       -0.012133        1.000000
       264.000000       -0.012043        1.000000
       265.000000       -0.011969        1.000000
       266.000000       -0.011860        1.000000
       267.000000       -0.011841        1.000000
       268.000000       -0.011841        1.000000
       269.000000       -0.011834        1.000000
       270.000000       -0.011706        1.000000
       271.000000       -0.011652        1.000000
       272.000000       -0.011591        1.000000
       273.000000       -0.011508        1.000000
       274.000000       -0.011429        1.000000
       275.000000       -0.011411        1.000000
       276.000000       -0.011351        1.000000
       277.000000       -0.011337        1.000000
       278.000000       -0.011229        1.000000
       279.000000       -0.011161        1.000000
       280.000000       -0.011123        1.000000
       281.000000       -0.011094        1.000000
       282.000000       -0.011007        1.000000
       283.000000       -0.010922        1.000000
       284.000000       -0.010911        1.000000
       285.000000       -0.010800        1.000000
       286.000000       -0.010781        1.000000
       287.000000       -0.010760        1.000000
       288.000000       -0.010664        1.000000
       289.000000       -0.010630        1.000000
       290.000000       -0.010614        1.000000
       291.000000       -0.010587        1.000000
       292.000000       -0.010552        1.000000
       293.000000       -0.010466        1.000000
       294.000000       -0.010373        1.000000
       295.000000       -0.010354        1.000000
       296.000000       -0.010341        1.000000
       297.000000       -0.010208        1.000000
       298.000000       -0.010206        1.000000
       299.000000       -0.010152        1.000000
       300.000000       -0.010110        1.000000
       301.000000       -0.010064        1.000000
       302.000000       -0.010052        1.000000
       303.000000       -0.010003        1.000000
       304.000000       -0.009936        1.000000
       305.000000       -0.009916        1.000000
       306.000000       -0.009855        1.000000
       307.000000       -0.009803        1.000000
       308.000000       -0.009775        1.000000
       309.000000       -0.009719        1.000000
       310.000000       -0.009716        1.000000
       311.000000       -0.009653        1.000000
       312.000000       -0.009643        1.000000
       313.000000       -0.009569        1.000000
       314.000000       -0.009535        1.000000
       315.000000       -0.009508        1.000000
       316.000000       -0.009442        1.000000
       317.000000       -0.009351        1.000000
       318.000000       -0.009319        1.000000
       319.000000       -0.009307        1.000000
       320.000000       -0.009269        1.000000
       321.000000       -0.009169        1.000000
       322.000000       -0.009132        1.000000
       323.000000       -0.009126        1.000000
       324.000000       -0.009042        1.000000
       325.000000       -0.009039        1.000000
       326.000000       -0.009002        1.000000
       327.000000       -0.008982        1.000000
       328.000000       -0.008949        1.000000
       329.000000       -0.008948        1.000000
       330.000000       -0.008875        1.000000
       331.000000       -0.008869        1.000000
       332.000000       -0.008789        1.000000
       333.000000       -0.008761        1.000000
       334.000000       -0.008735        1.000000
       335.000000       -0.008717        1.000000
       336.000000       -0.008687        1.000000
       337.000000       -0.008632        1.000000
       338.000000       -0.008631        1.000000
       339.000000       -0.008600        1.000000
       340.000000       -0.008567        1.000000
       341.000000       -0.008528        1.000000
       342.000000       -0.008523        1.000000
       343.000000       -0.008471        1.000000
       344.000000       -0.008413        1.000000
       345.000000       -0.008411        1.000000
       346.000000       -0.008347        1.000000
       347.000000       -0.008332        1.000000
       348.000000       -0.008290        1.000000
       349.000000       -0.008266        1.000000
       350.000000       -0.008168        1.000000
       351.000000       -0.008158        1.000000
       352.000000       -0.008145        1.000000
       353.000000       -0.008140        1.000000
       354.000000       -0.008097        1.000000
       355.000000       -0.008085        1.000000
       356.000000       -0.008042        1.000000
       357.000000       -0.008028        1.000000
       358.000000       -0.007998        1.000000
       359.000000       -0.007997        1.000000
       360.000000       -0.007884        1.000000
       361.000000       -0.007864        1.000000
       362.000000       -0.007848        1.000000
       363.000000       -0.007837        1.000000
       364.000000       -0.007739        1.000000
       365.000000       -0.007714        1.000000
       366.000000       -0.007655        1.000000
       367.000000       -0.007635        1.000000
       368.000000       -0.007594        1.000000
       369.000000       -0.007578        1.000000
       370.000000       -0.007560        1.000000
       371.000000       -0.007535        1.000000
       372.000000       -0.007524        1.000000
       373.000000       -0.007504        1.000000
       374.000000       -0.007448        1.000000
       375.000000       -0.007444        1.000000
       376.000000       -0.007413        1.000000
       377.000000       -0.007410        1.000000
       378.000000       -0.007352        1.000000
       379.000000       -0.007330        1.000000
       380.000000       -0.007318        1.000000
       381.000000       -0.007304        1.000000
       382.000000       -0.007262        1.000000
       383.000000       -0.007226        1.000000
       384.000000       -0.007202        1.000000
       385.000000       -0.007138        1.000000
       386.000000       -0.007129        1.000000
       387.000000       -0.007119        1.000000
       388.000000       -0.007099        1.000000
       389.000000       -0.007044        1.000000
       390.000000       -0.007044        1.000000
       391.000000       -0.007033        1.000000
       392.000000       -0.007016        1.000000
       393.000000       -0.006966        1.000000
       394.000000       -0.006943        1.000000
       395.000000       -0.006936        1.000000
       396.000000       -0.006930        1.000000
       397.000000       -0.006912        1.000000
       398.000000       -0.006869        1.000000
       399.000000       -0.006864        1.000000
       400.000000       -0.006833        1.000000
       401.000000       -0.006776        1.000000
       402.000000       -0.006761        1.000000
       403.000000       -0.006736        1.000000
       404.000000       -0.006685        1.000000
       405.000000       -0.006673        1.000000
       406.000000       -0.006666        1.000000
       407.000000       -0.006649        1.000000
       408.000000       -0.006640        1.000000
       409.000000       -0.006621        1.000000
       410.000000       -0.006597        1.000000
       411.000000       -0.006568        1.000000
       412.000000       -0.006562        1.000000
       413.000000       -0.006532        1.000000
       414.000000       -0.006493        1.000000
       415.000000       -0.006489        1.000000
       416.000000       -0.006474        1.000000
       417.000000       -0.006435        1.000000
       418.000000       -0.006393        1.000000
       419.000000       -0.006384        1.000000
       420.000000       -0.006368        1.000000
       421.000000       -0.006344        1.000000
       422.000000       -0.006319        1.000000
       423.000000       -0.006309        1.000000
       424.000000       -0.006296        1.000000
       425.000000       -0.006290        1.000000
       426.000000       -0.006262        1.000000
       427.000000       -0.006242        1.000000
       428.000000       -0.006227        1.000000
       429.000000       -0.006212        1.000000
       430.000000       -0.006182        1.000000
       431.000000       -0.006169        1.000000
       432.000000       -0.006153        1.000000
       433.000000       -0.006139        1.000000
       434.000000       -0.006093        1.000000
       435.000000       -0.006089        1.000000
       436.000000       -0.006053        1.000000
       437.000000       -0.006035        1.000000
       438.000000       -0.006008        1.000000
       439.000000       -0.005981        1.000000
       440.000000       -0.005970        1.000000
       441.000000       -0.005962        1.000000
       442.000000       -0.005947        1.000000
       443.000000       -0.005946        1.000000
       444.000000       -0.005914        1.000000
       445.000000       -0.005894        1.000000
       446.000000       -0.005893        1.000000
       447.000000       -0.005887        1.000000
       448.000000       -0.005866        1.000000
       449.000000       -0.005848        1.000000
       450.000000       -0.005829        1.000000
       451.000000       -0.005811        1.000000
       452.000000       -0.005796        1.000000
       453.000000       -0.005770        1.000000
       454.000000       -0.005767        1.000000
       455.000000       -0.005749        1.000000
       456.000000       -0.005725        1.000000
       457.000000       -0.005701        1.000000
       458.000000       -0.005699        1.000000
       459.000000       -0.005659        1.000000
       460.000000       -0.005644        1.000000
       461.000000       -0.005609        1.000000
       462.000000       -0.005595        1.000000
       463.000000       -0.005563        1.000000
       464.000000       -0.005560        1.000000
       465.000000       -0.005546        1.000000
       466.000000       -0.005532        1.000000
       467.000000       -0.005504        1.000000
       468.000000       -0.005486        1.000000
       469.000000       -0.005483        1.000000
       470.000000       -0.005453        1.000000
       471.000000       -0.005435        1.000000
       472.000000       -0.005418        1.000000
       473.000000       -0.005416        1.000000
       474.000000       -0.005403        1.000000
       475.000000       -0.005389        1.000000
       476.000000       -0.005372        1.000000
       477.000000       -0.005353        1.000000
       478.000000       -0.005325        1.000000
       479.000000       -0.005323        1.000000
       480.000000       -0.005312        1.000000
       481.000000       -0.005289        1.000000
       482.000000       -0.005275        1.000000
       483.000000       -0.005258        1.000000
       484.000000       -0.005235        1.000000
       485.000000       -0.005216        1.000000
       486.000000       -0.005208        1.000000
       487.000000       -0.005184        1.000000
       488.000000       -0.005177        1.000000
       489.000000       -0.005155        1.000000
       490.000000       -0.005144        1.000000
       491.000000       -0.005136        1.000000
       492.000000       -0.005129        1.000000
       493.000000       -0.005121        1.000000
       494.000000       -0.005118        1.000000
       495.000000       -0.005110        1.000000
       496.000000       -0.005095        1.000000
       497.000000       -0.005068        1.000000
       498.000000       -0.005056        1.000000
       499.000000       -0.005046        1.000000
       500.000000       -0.005033        1.000000
