#            band          E0[eV]          Sx[eV]        Vxcl[eV]       Vxcnl[eV]         EHF[eV]
        33.000000       -1.387025      -16.135701      -10.978721        0.000000       -6.544005
        34.000000       -1.387011      -16.135693      -10.978718        0.000000       -6.543986
        35.000000       -1.386992      -16.135687      -10.978715        0.000000       -6.543964
        36.000000       -1.386987      -16.135692      -10.978718        0.000000       -6.543961
        37.000000       -1.386982      -16.135689      -10.978716        0.000000       -6.543955
        38.000000       -1.386964      -16.135677      -10.978710        0.000000       -6.543930
        39.000000       -1.386959      -16.135672      -10.978709        0.000000       -6.543923
        40.000000       -1.386933      -16.135663      -10.978703        0.000000       -6.543893
        41.000000       -1.386916      -16.135651      -10.978698        0.000000       -6.543870
        42.000000       -0.707141      -14.959425      -10.192472        0.000000       -5.474094
        43.000000       -0.707114      -14.959421      -10.192480        0.000000       -5.474055
        44.000000       -0.707108      -14.959418      -10.192483        0.000000       -5.474043
        45.000000       -0.707104      -14.959414      -10.192479        0.000000       -5.474040
        46.000000        0.785239      -14.956882      -10.896542        0.000000       -3.275102
        47.000000        0.785253      -14.956875      -10.896537        0.000000       -3.275086
        48.000000        0.785262      -14.956868      -10.896533        0.000000       -3.275073
        49.000000        0.785276      -14.956860      -10.896528        0.000000       -3.275056
        50.000000        0.785284      -14.956860      -10.896529        0.000000       -3.275048
        51.000000        0.785291      -14.956856      -10.896525        0.000000       -3.275040
        52.000000        0.785299      -14.956849      -10.896523        0.000000       -3.275028
        53.000000        0.785317      -14.956836      -10.896519        0.000000       -3.275000
        54.000000        0.785321      -14.956838      -10.896521        0.000000       -3.274996
        55.000000        0.785340      -14.956827      -10.896511        0.000000       -3.274976
        56.000000        0.785341      -14.956829      -10.896513        0.000000       -3.274975
        57.000000        0.785347      -14.956821      -10.896511        0.000000       -3.274963
        58.000000        2.410424      -12.967257       -9.954992        0.000000       -0.601842
        59.000000        2.410432      -12.967251       -9.954989        0.000000       -0.601830
        60.000000        2.410446      -12.967255       -9.954993        0.000000       -0.601817
        61.000000        2.410461      -12.967244       -9.954983        0.000000       -0.601800
        62.000000        2.410465      -12.967243       -9.954987        0.000000       -0.601791
        63.000000        2.410471      -12.967240       -9.954984        0.000000       -0.601784
        64.000000        2.410478      -12.967232       -9.954978        0.000000       -0.601776
        65.000000        2.410483      -12.967230       -9.954977        0.000000       -0.601770
        66.000000        2.410488      -12.967224       -9.954977        0.000000       -0.601760
        67.000000        2.410502      -12.967220       -9.954977        0.000000       -0.601742
        68.000000        2.410515      -12.967220       -9.954974        0.000000       -0.601731
        69.000000        2.410519      -12.967219       -9.954975        0.000000       -0.601724
        70.000000        2.510188      -12.950987      -10.031964        0.000000       -0.408835
        71.000000        2.510197      -12.950980      -10.031959        0.000000       -0.408823
        72.000000        2.510201      -12.950980      -10.031959        0.000000       -0.408819
        73.000000        2.510206      -12.950976      -10.031956        0.000000       -0.408814
        74.000000        2.510220      -12.950968      -10.031954        0.000000       -0.408795
        75.000000        2.510227      -12.950969      -10.031949        0.000000       -0.408793
        76.000000        2.510238      -12.950955      -10.031949        0.000000       -0.408768
        77.000000        2.510247      -12.950954      -10.031946        0.000000       -0.408762
        78.000000        2.510256      -12.950950      -10.031946        0.000000       -0.408748
        79.000000        2.510260      -12.950948      -10.031945        0.000000       -0.408744
        80.000000        2.510265      -12.950952      -10.031939        0.000000       -0.408748
        81.000000        2.510282      -12.950939      -10.031936        0.000000       -0.408721
        82.000000        2.748943      -14.281924      -11.198111        0.000000       -0.334869
        83.000000        2.748952      -14.281933      -11.198113        0.000000       -0.334868
        84.000000        2.748960      -14.281912      -11.198107        0.000000       -0.334845
        85.000000        2.748970      -14.281924      -11.198111        0.000000       -0.334843
        86.000000        2.748981      -14.281911      -11.198105        0.000000       -0.334824
        87.000000        2.748992      -14.281914      -11.198106        0.000000       -0.334817
        88.000000        3.417823      -13.456865      -10.581521        0.000000        0.542479
        89.000000        3.417836      -13.456863      -10.581521        0.000000        0.542494
        90.000000        3.417845      -13.456860      -10.581518        0.000000        0.542503
        91.000000        3.417856      -13.456871      -10.581523        0.000000        0.542508
        92.000000        3.417859      -13.456862      -10.581518        0.000000        0.542515
        93.000000        3.417871      -13.456865      -10.581519        0.000000        0.542525
        94.000000        4.378937      -13.021384      -10.715275        0.000000        2.072829
        95.000000        4.378948      -13.021380      -10.715270        0.000000        2.072838
        96.000000        4.378965      -13.021375      -10.715272        0.000000        2.072861
        97.000000        4.378974      -13.021371      -10.715267        0.000000        2.072870
        98.000000        4.378989      -13.021365      -10.715264        0.000000        2.072887
        99.000000        4.378994      -13.021361      -10.715264        0.000000        2.072897
       100.000000        4.379001      -13.021362      -10.715258        0.000000        2.072897
       101.000000        4.379003      -13.021356      -10.715259        0.000000        2.072906
       102.000000        4.379014      -13.021355      -10.715263        0.000000        2.072923
       103.000000        4.379033      -13.021344      -10.715252        0.000000        2.072941
       104.000000        4.379052      -13.021338      -10.715250        0.000000        2.072964
       105.000000        4.379058      -13.021332      -10.715246        0.000000        2.072971
       106.000000        4.943559      -13.151875      -10.958206        0.000000        2.749890
       107.000000        4.943579      -13.151873      -10.958204        0.000000        2.749909
       108.000000        4.943603      -13.151850      -10.958195        0.000000        2.749948
       109.000000        4.943614      -13.151852      -10.958196        0.000000        2.749958
       110.000000        4.943616      -13.151839      -10.958190        0.000000        2.749967
       111.000000        4.943633      -13.151845      -10.958191        0.000000        2.749980
       112.000000        4.943636      -13.151842      -10.958191        0.000000        2.749985
       113.000000        4.943640      -13.151849      -10.958195        0.000000        2.749986
       114.000000        4.943649      -13.151839      -10.958189        0.000000        2.749998
       115.000000        4.943670      -13.151835      -10.958186        0.000000        2.750021
       116.000000        4.943685      -13.151826      -10.958181        0.000000        2.750040
       117.000000        4.943692      -13.151825      -10.958180        0.000000        2.750047
       118.000000        5.074025      -13.264355      -11.057998        0.000000        2.867668
       119.000000        5.074036      -13.264358      -11.057999        0.000000        2.867677
       120.000000        5.074043      -13.264345      -11.057996        0.000000        2.867693
       121.000000        5.074067      -13.264344      -11.057993        0.000000        2.867716
       122.000000        5.074072      -13.264345      -11.057994        0.000000        2.867721
       123.000000        5.074101      -13.264330      -11.057986        0.000000        2.867757
       124.000000        5.074107      -13.264331      -11.057985        0.000000        2.867761
       125.000000        5.074134      -13.264323      -11.057981        0.000000        2.867792
       126.000000        6.270341      -13.034253      -11.323526        0.000000        4.559614
       127.000000        6.270345      -13.034253      -11.323526        0.000000        4.559617
       128.000000        6.270355      -13.034245      -11.323523        0.000000        4.559633
       129.000000        6.943715       -5.160320       -8.949258        0.000000       10.732653
       130.000000        6.943725       -5.160320       -8.949262        0.000000       10.732666
       131.000000        6.943749       -5.160301       -8.949247        0.000000       10.732695
       132.000000        6.943756       -5.160289       -8.949237        0.000000       10.732703
       133.000000        6.943759       -5.160293       -8.949240        0.000000       10.732707
       134.000000        6.943762       -5.160297       -8.949249        0.000000       10.732714
       135.000000        7.371397       -5.424010       -9.341054        0.000000       11.288442
       136.000000        7.371404       -5.424009       -9.341057        0.000000       11.288452
       137.000000        7.371410       -5.424002       -9.341047        0.000000       11.288455
       138.000000        7.371431       -5.424000       -9.341045        0.000000       11.288476
       139.000000        7.371433       -5.424001       -9.341046        0.000000       11.288478
       140.000000        7.371438       -5.423995       -9.341038        0.000000       11.288481
       141.000000        7.775745       -5.863621      -10.074267        0.000000       11.986391
       142.000000        7.775750       -5.863626      -10.074271        0.000000       11.986396
       143.000000        7.775758       -5.863633      -10.074279        0.000000       11.986405
       144.000000        7.775782       -5.863637      -10.074279        0.000000       11.986424
       145.000000        8.686194       -5.184440       -9.550156        0.000000       13.051910
       146.000000        8.686201       -5.184431       -9.550144        0.000000       13.051914
       147.000000        8.686201       -5.184438       -9.550155        0.000000       13.051918
       148.000000        8.686218       -5.184428       -9.550140        0.000000       13.051930
       149.000000        8.686222       -5.184420       -9.550130        0.000000       13.051932
       150.000000        8.686224       -5.184418       -9.550130        0.000000       13.051936
       151.000000        8.686235       -5.184416       -9.550127        0.000000       13.051946
       152.000000        8.686241       -5.184420       -9.550136        0.000000       13.051957
       153.000000        8.686244       -5.184415       -9.550134        0.000000       13.051963
       154.000000        8.686263       -5.184410       -9.550119        0.000000       13.051972
       155.000000        8.686267       -5.184410       -9.550124        0.000000       13.051982
       156.000000        8.686282       -5.184406       -9.550120        0.000000       13.051996
       157.000000        8.810982       -5.629702      -10.007068        0.000000       13.188349
       158.000000        8.810987       -5.629698      -10.007067        0.000000       13.188356
       159.000000        8.810988       -5.629695      -10.007064        0.000000       13.188357
       160.000000        9.361942       -4.617809       -9.118933        0.000000       13.863065
       161.000000        9.361945       -4.617797       -9.118914        0.000000       13.863062
       162.000000        9.361946       -4.617813       -9.118932        0.000000       13.863065
       163.000000        9.361960       -4.617802       -9.118915        0.000000       13.863073
       164.000000        9.361960       -4.617807       -9.118920        0.000000       13.863074
       165.000000        9.361968       -4.617809       -9.118922        0.000000       13.863081
       166.000000        9.574620       -5.020417       -9.631141        0.000000       14.185344
       167.000000        9.574626       -5.020415       -9.631142        0.000000       14.185354
       168.000000        9.574627       -5.020405       -9.631133        0.000000       14.185356
       169.000000        9.574639       -5.020411       -9.631136        0.000000       14.185364
       170.000000        9.574643       -5.020400       -9.631125        0.000000       14.185368
       171.000000        9.574645       -5.020407       -9.631130        0.000000       14.185367
       172.000000        9.574664       -5.020409       -9.631131        0.000000       14.185385
       173.000000        9.574671       -5.020413       -9.631136        0.000000       14.185393
       174.000000        9.601811       -5.937373      -10.927099        0.000000       14.591538
       175.000000       10.505708       -5.025543       -9.556092        0.000000       15.036257
       176.000000       10.505716       -5.025539       -9.556091        0.000000       15.036267
       177.000000       10.505724       -5.025562       -9.556108        0.000000       15.036270
       178.000000       10.505729       -5.025560       -9.556102        0.000000       15.036272
       179.000000       10.505734       -5.025534       -9.556088        0.000000       15.036288
       180.000000       10.505735       -5.025566       -9.556116        0.000000       15.036285
       181.000000       10.505736       -5.025554       -9.556110        0.000000       15.036292
       182.000000       10.505743       -5.025538       -9.556093        0.000000       15.036298
       183.000000       10.505752       -5.025522       -9.556067        0.000000       15.036298
       184.000000       10.505753       -5.025522       -9.556068        0.000000       15.036299
