#             iks              ib         Eks[eV]         Ein[eV]      Sc_Ein[eV]        Eout[eV]       Diff.[eV]
         1.000000       33.000000       -1.387025       -1.387025        4.637666       -1.977210       -0.590185
         1.000000       34.000000       -1.387011       -1.387011        4.637351       -1.976085       -0.589074
         1.000000       35.000000       -1.386992       -1.386992        4.637043       -1.982643       -0.595651
         1.000000       36.000000       -1.386987       -1.386987        4.637165       -1.979739       -0.592752
         1.000000       37.000000       -1.386982       -1.386982        4.636938       -1.985593       -0.598611
         1.000000       38.000000       -1.386964       -1.386964        4.636763       -1.989077       -0.602113
         1.000000       39.000000       -1.386959       -1.386959        4.637314       -1.983227       -0.596268
         1.000000       40.000000       -1.386933       -1.386933        4.636852       -1.988659       -0.601726
         1.000000       41.000000       -1.386916       -1.386916        4.636954       -1.978718       -0.591802
         1.000000       42.000000       -0.707141       -0.707141        4.152189       -1.193595       -0.486454
         1.000000       43.000000       -0.707114       -0.707114        4.153220       -1.189589       -0.482475
         1.000000       44.000000       -0.707108       -0.707108        4.153731       -1.188009       -0.480901
         1.000000       45.000000       -0.707104       -0.707104        4.153537       -1.188788       -0.481684
         1.000000       46.000000        0.785239        0.785239        3.454466        0.086626       -0.698613
         1.000000       47.000000        0.785253        0.785253        3.453738        0.084285       -0.700968
         1.000000       48.000000        0.785262        0.785262        3.454011        0.085500       -0.699762
         1.000000       49.000000        0.785276        0.785276        3.453243        0.084410       -0.700867
         1.000000       50.000000        0.785284        0.785284        3.453353        0.081961       -0.703323
         1.000000       51.000000        0.785291        0.785291        3.454353        0.089354       -0.695937
         1.000000       52.000000        0.785299        0.785299        3.455604        0.096424       -0.688874
         1.000000       53.000000        0.785317        0.785317        3.452965        0.081671       -0.703646
         1.000000       54.000000        0.785321        0.785321        3.453001        0.081466       -0.703855
         1.000000       55.000000        0.785340        0.785340        3.453353        0.085599       -0.699741
         1.000000       56.000000        0.785341        0.785341        3.453835        0.088083       -0.697259
         1.000000       57.000000        0.785347        0.785347        3.455389        0.094981       -0.690366
         1.000000       58.000000        2.410424        2.410424        2.340815        1.884568       -0.525855
         1.000000       59.000000        2.410432        2.410432        2.341411        1.884783       -0.525648
         1.000000       60.000000        2.410446        2.410446        2.340464        1.884120       -0.526326
         1.000000       61.000000        2.410461        2.410461        2.340318        1.883675       -0.526786
         1.000000       62.000000        2.410465        2.410465        2.340673        1.884106       -0.526359
         1.000000       63.000000        2.410471        2.410471        2.340308        1.883990       -0.526481
         1.000000       64.000000        2.410478        2.410478        2.340519        1.883824       -0.526654
         1.000000       65.000000        2.410483        2.410483        2.340490        1.883964       -0.526518
         1.000000       66.000000        2.410488        2.410488        2.340818        1.884159       -0.526329
         1.000000       67.000000        2.410502        2.410502        2.340933        1.883902       -0.526600
         1.000000       68.000000        2.410515        2.410515        2.340985        1.883996       -0.526519
         1.000000       69.000000        2.410519        2.410519        2.340024        1.883756       -0.526764
         1.000000       70.000000        2.510188        2.510188        2.249902        1.846046       -0.664142
         1.000000       71.000000        2.510197        2.510197        2.249590        1.845207       -0.664990
         1.000000       72.000000        2.510201        2.510201        2.249206        1.845210       -0.664991
         1.000000       73.000000        2.510206        2.510206        2.249304        1.845127       -0.665079
         1.000000       74.000000        2.510220        2.510220        2.249692        1.845935       -0.664285
         1.000000       75.000000        2.510227        2.510227        2.248757        1.844412       -0.665815
         1.000000       76.000000        2.510238        2.510238        2.249174        1.844728       -0.665510
         1.000000       77.000000        2.510247        2.510247        2.248980        1.844673       -0.665574
         1.000000       78.000000        2.510256        2.510256        2.249113        1.844954       -0.665302
         1.000000       79.000000        2.510260        2.510260        2.248263        1.843953       -0.666307
         1.000000       80.000000        2.510265        2.510265        2.248981        1.845114       -0.665151
         1.000000       81.000000        2.510282        2.510282        2.248788        1.844625       -0.665656
         1.000000       82.000000        2.748943        2.748943        2.433621        2.241299       -0.507645
         1.000000       83.000000        2.748952        2.748952        2.434601        2.240778       -0.508174
         1.000000       84.000000        2.748960        2.748960        2.433639        2.241223       -0.507738
         1.000000       85.000000        2.748970        2.748970        2.434079        2.240809       -0.508162
         1.000000       86.000000        2.748981        2.748981        2.433510        2.241222       -0.507759
         1.000000       87.000000        2.748992        2.748992        2.434005        2.240539       -0.508453
         1.000000       88.000000        3.417823        3.417823        2.167769        2.913370       -0.504453
         1.000000       89.000000        3.417836        3.417836        2.167428        2.913131       -0.504706
         1.000000       90.000000        3.417845        3.417845        2.167312        2.913050       -0.504795
         1.000000       91.000000        3.417856        3.417856        2.166846        2.912746       -0.505110
         1.000000       92.000000        3.417859        3.417859        2.167138        2.912950       -0.504909
         1.000000       93.000000        3.417871        3.417871        2.166640        2.912609       -0.505262
         1.000000       94.000000        4.378937        4.378937        1.694613        3.914356       -0.464581
         1.000000       95.000000        4.378948        4.378948        1.694488        3.914274       -0.464675
         1.000000       96.000000        4.378965        4.378965        1.694244        3.914097       -0.464868
         1.000000       97.000000        4.378974        4.378974        1.694378        3.914218       -0.464756
         1.000000       98.000000        4.378989        4.378989        1.694443        3.914276       -0.464713
         1.000000       99.000000        4.378994        4.378994        1.694196        3.914100       -0.464894
         1.000000      100.000000        4.379001        4.379001        1.694239        3.914127       -0.464873
         1.000000      101.000000        4.379003        4.379003        1.694302        3.914190       -0.464812
         1.000000      102.000000        4.379014        4.379014        1.694289        3.914196       -0.464819
         1.000000      103.000000        4.379033        4.379033        1.693866        3.913882       -0.465151
         1.000000      104.000000        4.379052        4.379052        1.694173        3.914144       -0.464908
         1.000000      105.000000        4.379058        4.379058        1.693858        3.913895       -0.465163
         1.000000      106.000000        4.943559        4.943559        1.566271        4.464868       -0.478691
         1.000000      107.000000        4.943579        4.943579        1.566129        4.464787       -0.478792
         1.000000      108.000000        4.943603        4.943603        1.565738        4.464501       -0.479102
         1.000000      109.000000        4.943614        4.943614        1.565468        4.464301       -0.479313
         1.000000      110.000000        4.943616        4.943616        1.565155        4.464063       -0.479553
         1.000000      111.000000        4.943633        4.943633        1.565740        4.464539       -0.479094
         1.000000      112.000000        4.943636        4.943636        1.565186        4.464102       -0.479534
         1.000000      113.000000        4.943640        4.943640        1.565838        4.464623       -0.479017
         1.000000      114.000000        4.943649        4.943649        1.565378        4.464266       -0.479383
         1.000000      115.000000        4.943670        4.943670        1.565127        4.464097       -0.479574
         1.000000      116.000000        4.943685        4.943685        1.565499        4.464407       -0.479278
         1.000000      117.000000        4.943692        4.943692        1.565025        4.464032       -0.479660
         1.000000      118.000000        5.074025        5.074025        1.570094        4.588416       -0.485609
         1.000000      119.000000        5.074036        5.074036        1.569850        4.588248       -0.485788
         1.000000      120.000000        5.074043        5.074043        1.570149        4.588480       -0.485563
         1.000000      121.000000        5.074067        5.074067        1.569776        4.588214       -0.485853
         1.000000      122.000000        5.074072        5.074072        1.569770        4.588227       -0.485846
         1.000000      123.000000        5.074101        5.074101        1.569916        4.588362       -0.485739
         1.000000      124.000000        5.074107        5.074107        1.569296        4.587891       -0.486216
         1.000000      125.000000        5.074134        5.074134        1.569343        4.587958       -0.486177
         1.000000      126.000000        6.270341        6.270341        1.151824        5.838448       -0.431893
         1.000000      127.000000        6.270345        6.270345        1.151816        5.838456       -0.431889
         1.000000      128.000000        6.270355        6.270355        1.151664        5.838342       -0.432013
         1.000000      129.000000        6.943715        6.943715       -3.439551        7.220687        0.276973
         1.000000      130.000000        6.943725        6.943725       -3.439269        7.220927        0.277202
         1.000000      131.000000        6.943749        6.943749       -3.439287        7.220939        0.277190
         1.000000      132.000000        6.943756        6.943756       -3.438650        7.221461        0.277705
         1.000000      133.000000        6.943759        6.943759       -3.439563        7.220726        0.276967
         1.000000      134.000000        6.943762        6.943762       -3.439139        7.221076        0.277314
         1.000000      135.000000        7.371397        7.371397       -3.521555        7.682513        0.311116
         1.000000      136.000000        7.371404        7.371404       -3.522086        7.682094        0.310690
         1.000000      137.000000        7.371410        7.371410       -3.521522        7.682555        0.311145
         1.000000      138.000000        7.371431        7.371431       -3.523407        7.681050        0.309619
         1.000000      139.000000        7.371433        7.371433       -3.522747        7.681584        0.310151
         1.000000      140.000000        7.371438        7.371438       -3.524565        7.680117        0.308678
         1.000000      141.000000        7.775745        7.775745       -3.740936        8.142228        0.366482
         1.000000      142.000000        7.775750        7.775750       -3.741221        8.142000        0.366249
         1.000000      143.000000        7.775758        7.775758       -3.741689        8.141627        0.365869
         1.000000      144.000000        7.775782        7.775782       -3.743025        8.140560        0.364778
         1.000000      145.000000        8.686194        8.686194       -3.907865        9.037025        0.350831
         1.000000      146.000000        8.686201        8.686201       -3.908348        9.036612        0.350411
         1.000000      147.000000        8.686201        8.686201       -3.907981        9.036938        0.350737
         1.000000      148.000000        8.686218        8.686218       -3.908275        9.036693        0.350475
         1.000000      149.000000        8.686222        8.686222       -3.908919        9.036121        0.349900
         1.000000      150.000000        8.686224        8.686224       -3.908295        9.036686        0.350462
         1.000000      151.000000        8.686235        8.686235       -3.910107        9.035093        0.348858
         1.000000      152.000000        8.686241        8.686241       -3.910478        9.034829        0.348587
         1.000000      153.000000        8.686244        8.686244       -3.910034        9.035199        0.348955
         1.000000      154.000000        8.686263        8.686263       -3.911098        9.034277        0.348014
         1.000000      155.000000        8.686267        8.686267       -3.911216        9.034202        0.347935
         1.000000      156.000000        8.686282        8.686282       -3.914193        9.031625        0.345343
         1.000000      157.000000        8.810982        8.810982       -3.882093        9.192497        0.381515
         1.000000      158.000000        8.810987        8.810987       -3.882715        9.192004        0.381017
         1.000000      159.000000        8.810988        8.810988       -3.881893        9.192664        0.381675
         1.000000      160.000000        9.361942        9.361942       -4.068441        9.714033        0.352091
         1.000000      161.000000        9.361945        9.361945       -4.068813        9.713712        0.351767
         1.000000      162.000000        9.361946        9.361946       -4.068011        9.714397        0.352451
         1.000000      163.000000        9.361960        9.361960       -4.070687        9.712116        0.350156
         1.000000      164.000000        9.361960        9.361960       -4.069086        9.713498        0.351537
         1.000000      165.000000        9.361968        9.361968       -4.070753        9.712080        0.350111
         1.000000      166.000000        9.574620        9.574620       -4.051743        9.988099        0.413479
         1.000000      167.000000        9.574626        9.574626       -4.051618        9.988177        0.413551
         1.000000      168.000000        9.574627        9.574627       -4.051823        9.988037        0.413411
         1.000000      169.000000        9.574639        9.574639       -4.052675        9.987162        0.412523
         1.000000      170.000000        9.574643        9.574643       -4.052794        9.987191        0.412548
         1.000000      171.000000        9.574645        9.574645       -4.053462        9.986572        0.411928
         1.000000      172.000000        9.574664        9.574664       -4.054140        9.985758        0.411095
         1.000000      173.000000        9.574671        9.574671       -4.054615        9.985348        0.410677
         1.000000      174.000000        9.601811        9.601811       -4.447568        9.976316        0.374505
         1.000000      175.000000       10.505708       10.505708       -4.173998       10.762216        0.256508
         1.000000      176.000000       10.505716       10.505716       -4.174105       10.762144        0.256428
         1.000000      177.000000       10.505724       10.505724       -4.174234       10.762053        0.256329
         1.000000      178.000000       10.505729       10.505729       -4.173981       10.762233        0.256504
         1.000000      179.000000       10.505734       10.505734       -4.174029       10.762213        0.256479
         1.000000      180.000000       10.505735       10.505735       -4.174020       10.762216        0.256481
         1.000000      181.000000       10.505736       10.505736       -4.174092       10.762171        0.256435
         1.000000      182.000000       10.505743       10.505743       -4.174284       10.762028        0.256285
         1.000000      183.000000       10.505752       10.505752       -4.174431       10.761933        0.256181
         1.000000      184.000000       10.505753       10.505753       -4.174498       10.761881        0.256127
