#            band          E0[eV]         EHF[eV]         Eqp[eV]      Eqp-E0[eV]      Sc_Eqp[eV]       Width[eV]
        33.000000       -1.387025       -6.544005       -1.685858       -0.298833        4.847821        0.313628
        34.000000       -1.387011       -6.543986       -1.685517       -0.298506        4.848152        0.313354
        35.000000       -1.386992       -6.543964       -1.685902       -0.298910        4.847978        0.313506
        36.000000       -1.386987       -6.543961       -1.685755       -0.298768        4.847908        0.313435
        37.000000       -1.386982       -6.543955       -1.686100       -0.299118        4.847850        0.313581
        38.000000       -1.386964       -6.543930       -1.686022       -0.299058        4.848106        0.313471
        39.000000       -1.386959       -6.543923       -1.686076       -0.299117        4.847708        0.313685
        40.000000       -1.386933       -6.543893       -1.686057       -0.299124        4.848010        0.313605
        41.000000       -1.386916       -6.543870       -1.686104       -0.299188        4.847447        0.313666
        42.000000       -0.707141       -5.474094       -1.229384       -0.522243        4.295929        0.192413
        43.000000       -0.707114       -5.474055       -1.226785       -0.519672        4.293431        0.193805
        44.000000       -0.707108       -5.474043       -1.232326       -0.525218        4.294551        0.194297
        45.000000       -0.707104       -5.474040       -1.232829       -0.525725        4.295039        0.194019
        46.000000        0.785239       -3.275102        0.314240       -0.470999        3.599057        0.125838
        47.000000        0.785253       -3.275086        0.313223       -0.472030        3.604679        0.124595
        48.000000        0.785262       -3.275073        0.314108       -0.471154        3.598919        0.125740
        49.000000        0.785276       -3.275056        0.312200       -0.473076        3.604465        0.124500
        50.000000        0.785284       -3.275048        0.312612       -0.472671        3.604775        0.124692
        51.000000        0.785291       -3.275040        0.313854       -0.471437        3.598572        0.125765
        52.000000        0.785299       -3.275028        0.313739       -0.471559        3.598637        0.125756
        53.000000        0.785317       -3.275000        0.312456       -0.472860        3.604579        0.124574
        54.000000        0.785321       -3.274996        0.312464       -0.472857        3.604592        0.124635
        55.000000        0.785340       -3.274976        0.313601       -0.471739        3.598321        0.125706
        56.000000        0.785341       -3.274975        0.313789       -0.471552        3.598470        0.125622
        57.000000        0.785347       -3.274963        0.313760       -0.471587        3.598621        0.125839
        58.000000        2.410424       -0.601842        1.875914       -0.534510        2.478864        0.055841
        59.000000        2.410432       -0.601830        1.876474       -0.533958        2.479400        0.055846
        60.000000        2.410446       -0.601817        1.875643       -0.534802        2.478563        0.055833
        61.000000        2.410461       -0.601800        1.875558       -0.534903        2.478450        0.055850
        62.000000        2.410465       -0.601791        1.875840       -0.534625        2.478727        0.055838
        63.000000        2.410471       -0.601784        1.875595       -0.534875        2.478480        0.055836
        64.000000        2.410478       -0.601776        1.875712       -0.534766        2.478580        0.055848
        65.000000        2.410483       -0.601770        1.875727       -0.534756        2.478593        0.055851
        66.000000        2.410488       -0.601760        1.876047       -0.534442        2.478897        0.055833
        67.000000        2.410502       -0.601742        1.876041       -0.534460        2.478868        0.055855
        68.000000        2.410515       -0.601731        1.876029       -0.534486        2.478850        0.055877
        69.000000        2.410519       -0.601724        1.875339       -0.535180        2.478165        0.055857
        70.000000        2.510188       -0.408835        2.053862       -0.456326        2.429158        0.024047
        71.000000        2.510197       -0.408823        2.053117       -0.457080        2.428834        0.024013
        72.000000        2.510201       -0.408819        2.052944       -0.457257        2.428654        0.024034
        73.000000        2.510206       -0.408814        2.052931       -0.457275        2.428659        0.024019
        74.000000        2.510220       -0.408795        2.053737       -0.456483        2.428996        0.024048
        75.000000        2.510227       -0.408793        2.052364       -0.457862        2.428558        0.024002
        76.000000        2.510238       -0.408768        2.052686       -0.457551        2.428470        0.023988
        77.000000        2.510247       -0.408762        2.052633       -0.457614        2.428352        0.024003
        78.000000        2.510256       -0.408748        2.052785       -0.457471        2.428480        0.024010
        79.000000        2.510260       -0.408744        2.052070       -0.458190        2.428130        0.024009
        80.000000        2.510265       -0.408748        2.052777       -0.457487        2.428465        0.024027
        81.000000        2.510282       -0.408721        2.052537       -0.457745        2.428228        0.024007
        82.000000        2.748943       -0.334869        2.258563       -0.490381        2.593248        0.034039
        83.000000        2.748952       -0.334868        2.259356       -0.489595        2.594072        0.034000
        84.000000        2.748960       -0.334845        2.258625       -0.490335        2.593291        0.034022
        85.000000        2.748970       -0.334843        2.258951       -0.490019        2.593631        0.034023
        86.000000        2.748981       -0.334824        2.258531       -0.490450        2.593174        0.034033
        87.000000        2.748992       -0.334817        2.258964       -0.490028        2.593625        0.033994
        88.000000        3.417823        0.542479        2.878694       -0.539128        2.337530        0.051687
        89.000000        3.417836        0.542494        2.878463       -0.539373        2.337282        0.051549
        90.000000        3.417845        0.542503        2.878406       -0.539439        2.337215        0.051421
        91.000000        3.417856        0.542508        2.878085       -0.539771        2.336890        0.051222
        92.000000        3.417859        0.542515        2.878295       -0.539564        2.337093        0.051282
        93.000000        3.417871        0.542525        2.877969       -0.539902        2.336755        0.051055
        94.000000        4.378937        2.072829        3.919296       -0.459641        1.844947        0.006463
        95.000000        4.378948        2.072838        3.919212       -0.459736        1.844854        0.006463
        96.000000        4.378965        2.072861        3.919031       -0.459934        1.844649        0.006461
        97.000000        4.378974        2.072870        3.919155       -0.459819        1.844764        0.006463
        98.000000        4.378989        2.072887        3.919214       -0.459776        1.844806        0.006462
        99.000000        4.378994        2.072897        3.919034       -0.459960        1.844617        0.006462
       100.000000        4.379001        2.072897        3.919061       -0.459939        1.844644        0.006462
       101.000000        4.379003        2.072906        3.919127       -0.459876        1.844700        0.006463
       102.000000        4.379014        2.072923        3.919131       -0.459883        1.844688        0.006462
       103.000000        4.379033        2.072941        3.918812       -0.460221        1.844351        0.006461
       104.000000        4.379052        2.072964        3.919078       -0.459974        1.844594        0.006461
       105.000000        4.379058        2.072971        3.918824       -0.460234        1.844332        0.006460
       106.000000        4.943559        2.749890        4.471549       -0.472011        1.721855        0.006313
       107.000000        4.943579        2.749909        4.471466       -0.472113        1.721753        0.006313
       108.000000        4.943603        2.749948        4.471176       -0.472427        1.721424        0.006308
       109.000000        4.943614        2.749958        4.470972       -0.472641        1.721210        0.006306
       110.000000        4.943616        2.749967        4.470730       -0.472886        1.720959        0.006304
       111.000000        4.943633        2.749980        4.471214       -0.472419        1.721431        0.006308
       112.000000        4.943636        2.749985        4.470769       -0.472867        1.720980        0.006305
       113.000000        4.943640        2.749986        4.471298       -0.472342        1.721509        0.006309
       114.000000        4.943649        2.749998        4.470934       -0.472715        1.721132        0.006304
       115.000000        4.943670        2.750021        4.470758       -0.472912        1.720933        0.006301
       116.000000        4.943685        2.750040        4.471079       -0.472606        1.721234        0.006306
       117.000000        4.943692        2.750047        4.470693       -0.472999        1.720841        0.006300
       118.000000        5.074025        2.867668        4.593782       -0.480243        1.726235        0.005956
       119.000000        5.074036        2.867677        4.593613       -0.480423        1.726056        0.005956
       120.000000        5.074043        2.867693        4.593847       -0.480196        1.726274        0.005956
       121.000000        5.074067        2.867716        4.593579       -0.480488        1.725984        0.005956
       122.000000        5.074072        2.867721        4.593592       -0.480481        1.725992        0.005956
       123.000000        5.074101        2.867757        4.593727       -0.480374        1.726091        0.005956
       124.000000        5.074107        2.867761        4.593254       -0.480853        1.725613        0.005956
       125.000000        5.074134        2.867792        4.593320       -0.480814        1.725649        0.005956
       126.000000        6.270341        4.559614        5.839985       -0.430356        1.280381        0.002098
       127.000000        6.270345        4.559617        5.839993       -0.430352        1.280386        0.002098
       128.000000        6.270355        4.559633        5.839879       -0.430476        1.280256        0.002098
       129.000000        6.943715       10.732653        7.219389        0.275674       -3.513271       -0.002292
       130.000000        6.943725       10.732666        7.219629        0.275904       -3.513045       -0.002292
       131.000000        6.943749       10.732695        7.219640        0.275892       -3.513062       -0.002292
       132.000000        6.943756       10.732703        7.220163        0.276407       -3.512548       -0.002292
       133.000000        6.943759       10.732707        7.219428        0.275668       -3.513287       -0.002292
       134.000000        6.943762       10.732714        7.219778        0.276016       -3.512944       -0.002292
       135.000000        7.371397       11.288442        7.681487        0.310089       -3.606963       -0.002793
       136.000000        7.371404       11.288452        7.681065        0.309662       -3.607394       -0.002793
       137.000000        7.371410       11.288455        7.681528        0.310118       -3.606934       -0.002793
       138.000000        7.371431       11.288476        7.680018        0.308588       -3.608465       -0.002793
       139.000000        7.371433       11.288478        7.680554        0.309121       -3.607931       -0.002793
       140.000000        7.371438       11.288481        7.679082        0.307644       -3.609407       -0.002793
       141.000000        7.775745       11.986391        8.139781        0.364036       -3.846644       -0.003138
       142.000000        7.775750       11.986396        8.139550        0.363800       -3.846879       -0.003140
       143.000000        7.775758       11.986405        8.139173        0.363415       -3.847266       -0.003145
       144.000000        7.775782       11.986424        8.138094        0.362312       -3.848051       -0.003145
       145.000000        8.686194       13.051910        9.045962        0.359768       -4.004092       -0.008504
       146.000000        8.686201       13.051914        9.045611        0.359410       -4.004385       -0.008536
       147.000000        8.686201       13.051918        9.045892        0.359690       -4.004158       -0.008507
       148.000000        8.686218       13.051930        9.045671        0.359452       -4.004367       -0.008531
       149.000000        8.686222       13.051932        9.045239        0.359017       -4.004688       -0.008593
       150.000000        8.686224       13.051936        9.045655        0.359431       -4.004406       -0.008529
       151.000000        8.686235       13.051946        9.044379        0.358144       -4.005431       -0.008694
       152.000000        8.686241       13.051957        9.044082        0.357841       -4.004660       -0.008638
       153.000000        8.686244       13.051963        9.044414        0.358169       -4.005475       -0.008662
       154.000000        8.686263       13.051972        9.043676        0.357414       -4.004949       -0.008711
       155.000000        8.686267       13.051982        9.043573        0.357306       -4.005097       -0.008705
       156.000000        8.686282       13.051996        9.041426        0.355144       -4.006912       -0.008943
       157.000000        8.810982       13.188349        9.190177        0.379194       -3.998232       -0.004584
       158.000000        8.810987       13.188356        9.189676        0.378689       -3.998740       -0.004589
       159.000000        8.810988       13.188357        9.190346        0.379358       -3.998072       -0.004582
       160.000000        9.361942       13.863065        9.697016        0.335074       -4.166545       -0.013150
       161.000000        9.361945       13.863062        9.696697        0.334753       -4.166861       -0.013162
       162.000000        9.361946       13.863065        9.697391        0.335445       -4.166166       -0.013123
       163.000000        9.361960       13.863073        9.695061        0.333101       -4.168518       -0.013284
       164.000000        9.361960       13.863074        9.696482        0.334522       -4.167088       -0.013167
       165.000000        9.361968       13.863081        9.695053        0.333085       -4.168531       -0.013248
       166.000000        9.574620       14.185344        9.997179        0.422559       -4.187687       -0.006505
       167.000000        9.574626       14.185354        9.997272        0.422646       -4.187603       -0.006505
       168.000000        9.574627       14.185356        9.997117        0.422490       -4.187761       -0.006506
       169.000000        9.574639       14.185364        9.996513        0.421874       -4.188663       -0.006514
       170.000000        9.574643       14.185368        9.996497        0.421854       -4.188687       -0.006512
       171.000000        9.574645       14.185367        9.995883        0.421238       -4.189298       -0.006517
       172.000000        9.574664       14.185385        9.995140        0.420476       -4.190048       -0.006526
       173.000000        9.574671       14.185393        9.994723        0.420052       -4.190472       -0.006531
       174.000000        9.601811       14.591538       10.034274        0.432462       -4.557193       -0.007212
       175.000000       10.505708       15.036257       10.777350        0.271642       -4.258170       -0.013293
       176.000000       10.505716       15.036267       10.777270        0.271555       -4.258260       -0.013295
       177.000000       10.505724       15.036270       10.777177        0.271452       -4.258358       -0.013288
       178.000000       10.505729       15.036272       10.777359        0.271629       -4.258176       -0.013308
       179.000000       10.505734       15.036288       10.777339        0.271605       -4.258212       -0.013304
       180.000000       10.505735       15.036285       10.777336        0.271601       -4.258212       -0.013310
       181.000000       10.505736       15.036292       10.777299        0.271563       -4.258256       -0.013297
       182.000000       10.505743       15.036298       10.777133        0.271390       -4.258428       -0.013308
       183.000000       10.505752       15.036298       10.777047        0.271295       -4.258514       -0.013289
       184.000000       10.505753       15.036299       10.776988        0.271235       -4.258575       -0.013288
