#            iprt         eigenv.           conv.
         1.000000       -2.035576        1.000000
         2.000000       -1.430036        1.000000
         3.000000       -1.402139        1.000000
         4.000000       -1.402137        1.000000
         5.000000       -0.724060        1.000000
         6.000000       -0.561252        1.000000
         7.000000       -0.561252        1.000000
         8.000000       -0.531360        1.000000
         9.000000       -0.523940        1.000000
        10.000000       -0.469264        1.000000
        11.000000       -0.469264        1.000000
        12.000000       -0.443585        1.000000
        13.000000       -0.443584        1.000000
        14.000000       -0.437261        1.000000
        15.000000       -0.437260        1.000000
        16.000000       -0.430812        1.000000
        17.000000       -0.319832        1.000000
        18.000000       -0.319832        1.000000
        19.000000       -0.318483        1.000000
        20.000000       -0.318478        1.000000
        21.000000       -0.312882        1.000000
        22.000000       -0.311462        1.000000
        23.000000       -0.311462        1.000000
        24.000000       -0.285019        1.000000
        25.000000       -0.220764        1.000000
        26.000000       -0.220764        1.000000
        27.000000       -0.202203        1.000000
        28.000000       -0.191969        1.000000
        29.000000       -0.191838        1.000000
        30.000000       -0.181200        1.000000
        31.000000       -0.180478        1.000000
        32.000000       -0.180478        1.000000
        33.000000       -0.169964        1.000000
        34.000000       -0.169964        1.000000
        35.000000       -0.168724        1.000000
        36.000000       -0.167928        1.000000
        37.000000       -0.167928        1.000000
        38.000000       -0.127053        1.000000
        39.000000       -0.125224        1.000000
        40.000000       -0.125224        1.000000
        41.000000       -0.125214        1.000000
        42.000000       -0.125214        1.000000
        43.000000       -0.124502        1.000000
        44.000000       -0.124502        1.000000
        45.000000       -0.121471        1.000000
        46.000000       -0.111572        1.000000
        47.000000       -0.111571        1.000000
        48.000000       -0.107632        1.000000
        49.000000       -0.107629        1.000000
        50.000000       -0.107370        1.000000
        51.000000       -0.106524        1.000000
        52.000000       -0.106524        1.000000
        53.000000       -0.101620        1.000000
        54.000000       -0.099699        1.000000
        55.000000       -0.099699        1.000000
        56.000000       -0.096845        1.000000
        57.000000       -0.096845        1.000000
        58.000000       -0.092484        1.000000
        59.000000       -0.092480        1.000000
        60.000000       -0.090277        1.000000
        61.000000       -0.090277        1.000000
        62.000000       -0.089550        1.000000
        63.000000       -0.087794        1.000000
        64.000000       -0.084028        1.000000
        65.000000       -0.084028        1.000000
        66.000000       -0.083877        1.000000
        67.000000       -0.083877        1.000000
        68.000000       -0.081743        1.000000
        69.000000       -0.081743        1.000000
        70.000000       -0.079450        1.000000
        71.000000       -0.064386        1.000000
        72.000000       -0.064385        1.000000
        73.000000       -0.063064        1.000000
        74.000000       -0.059125        1.000000
        75.000000       -0.059052        1.000000
        76.000000       -0.055092        1.000000
        77.000000       -0.049611        1.000000
        78.000000       -0.049611        1.000000
        79.000000       -0.049530        1.000000
        80.000000       -0.049530        1.000000
        81.000000       -0.049241        1.000000
        82.000000       -0.049212        1.000000
        83.000000       -0.049212        1.000000
        84.000000       -0.048979        1.000000
        85.000000       -0.048978        1.000000
        86.000000       -0.047833        1.000000
        87.000000       -0.047833        1.000000
        88.000000       -0.046599        1.000000
        89.000000       -0.046599        1.000000
        90.000000       -0.045711        1.000000
        91.000000       -0.045711        1.000000
        92.000000       -0.045081        1.000000
        93.000000       -0.044944        1.000000
        94.000000       -0.044944        1.000000
        95.000000       -0.044331        1.000000
        96.000000       -0.044331        1.000000
        97.000000       -0.043456        1.000000
        98.000000       -0.043456        1.000000
        99.000000       -0.041540        1.000000
       100.000000       -0.041540        1.000000
       101.000000       -0.040940        1.000000
       102.000000       -0.040940        1.000000
       103.000000       -0.040659        1.000000
       104.000000       -0.039963        1.000000
       105.000000       -0.039963        1.000000
       106.000000       -0.038547        1.000000
       107.000000       -0.038224        1.000000
       108.000000       -0.038224        1.000000
       109.000000       -0.036838        1.000000
       110.000000       -0.036490        1.000000
       111.000000       -0.036490        1.000000
       112.000000       -0.034748        1.000000
       113.000000       -0.034743        1.000000
       114.000000       -0.033685        1.000000
       115.000000       -0.033243        1.000000
       116.000000       -0.033243        1.000000
       117.000000       -0.031825        1.000000
       118.000000       -0.031825        1.000000
       119.000000       -0.031566        1.000000
       120.000000       -0.031566        1.000000
       121.000000       -0.031421        1.000000
       122.000000       -0.031419        1.000000
       123.000000       -0.031133        1.000000
       124.000000       -0.031133        1.000000
       125.000000       -0.030951        1.000000
       126.000000       -0.030550        1.000000
       127.000000       -0.026977        1.000000
       128.000000       -0.026977        1.000000
       129.000000       -0.026691        1.000000
       130.000000       -0.026671        1.000000
       131.000000       -0.026096        1.000000
       132.000000       -0.024916        1.000000
       133.000000       -0.024897        1.000000
       134.000000       -0.024437        1.000000
       135.000000       -0.024213        1.000000
       136.000000       -0.024213        1.000000
       137.000000       -0.024065        1.000000
       138.000000       -0.024065        1.000000
       139.000000       -0.023596        1.000000
       140.000000       -0.023596        1.000000
       141.000000       -0.023267        1.000000
       142.000000       -0.023263        1.000000
       143.000000       -0.023059        1.000000
       144.000000       -0.023059        1.000000
       145.000000       -0.023040        1.000000
       146.000000       -0.023040        1.000000
       147.000000       -0.022934        1.000000
       148.000000       -0.022819        1.000000
       149.000000       -0.022819        1.000000
       150.000000       -0.022819        1.000000
       151.000000       -0.022819        1.000000
       152.000000       -0.022791        1.000000
       153.000000       -0.022791        1.000000
       154.000000       -0.022697        1.000000
       155.000000       -0.022697        1.000000
       156.000000       -0.022658        1.000000
       157.000000       -0.022657        1.000000
       158.000000       -0.022293        1.000000
       159.000000       -0.022293        1.000000
       160.000000       -0.022292        1.000000
       161.000000       -0.021766        1.000000
       162.000000       -0.021766        1.000000
       163.000000       -0.021051        1.000000
       164.000000       -0.021051        1.000000
       165.000000       -0.020996        1.000000
       166.000000       -0.020451        1.000000
       167.000000       -0.020451        1.000000
       168.000000       -0.020395        1.000000
       169.000000       -0.020395        1.000000
       170.000000       -0.020274        1.000000
       171.000000       -0.020274        1.000000
       172.000000       -0.019362        1.000000
       173.000000       -0.019106        1.000000
       174.000000       -0.019106        1.000000
       175.000000       -0.018857        1.000000
       176.000000       -0.018857        1.000000
       177.000000       -0.018529        1.000000
       178.000000       -0.018422        1.000000
       179.000000       -0.018422        1.000000
       180.000000       -0.018045        1.000000
       181.000000       -0.018044        1.000000
       182.000000       -0.018016        1.000000
       183.000000       -0.018016        1.000000
       184.000000       -0.016716        1.000000
       185.000000       -0.016543        1.000000
       186.000000       -0.016540        1.000000
       187.000000       -0.016156        1.000000
       188.000000       -0.016156        1.000000
       189.000000       -0.016151        1.000000
       190.000000       -0.015685        1.000000
       191.000000       -0.015685        1.000000
       192.000000       -0.015629        1.000000
       193.000000       -0.015628        1.000000
       194.000000       -0.015529        1.000000
       195.000000       -0.015488        1.000000
       196.000000       -0.015488        1.000000
       197.000000       -0.015349        1.000000
       198.000000       -0.015349        1.000000
       199.000000       -0.015262        1.000000
       200.000000       -0.015260        1.000000
       201.000000       -0.013925        1.000000
       202.000000       -0.013821        1.000000
       203.000000       -0.013821        1.000000
       204.000000       -0.013804        1.000000
       205.000000       -0.013804        1.000000
       206.000000       -0.013696        1.000000
       207.000000       -0.013696        1.000000
       208.000000       -0.013520        1.000000
       209.000000       -0.013519        1.000000
       210.000000       -0.013461        1.000000
       211.000000       -0.013461        1.000000
       212.000000       -0.013321        1.000000
       213.000000       -0.013257        1.000000
       214.000000       -0.013257        1.000000
       215.000000       -0.013235        1.000000
       216.000000       -0.013235        1.000000
       217.000000       -0.013118        1.000000
       218.000000       -0.013118        1.000000
       219.000000       -0.013064        1.000000
       220.000000       -0.013064        1.000000
       221.000000       -0.012863        1.000000
       222.000000       -0.012845        1.000000
       223.000000       -0.012669        1.000000
       224.000000       -0.012669        1.000000
       225.000000       -0.012568        1.000000
       226.000000       -0.012563        1.000000
       227.000000       -0.012558        1.000000
       228.000000       -0.012558        1.000000
       229.000000       -0.012247        1.000000
       230.000000       -0.012247        1.000000
       231.000000       -0.012169        1.000000
       232.000000       -0.012046        1.000000
       233.000000       -0.011981        1.000000
       234.000000       -0.011981        1.000000
       235.000000       -0.011939        1.000000
       236.000000       -0.011939        1.000000
       237.000000       -0.011803        1.000000
       238.000000       -0.011803        1.000000
       239.000000       -0.011686        1.000000
       240.000000       -0.011686        1.000000
       241.000000       -0.011636        1.000000
       242.000000       -0.011587        1.000000
       243.000000       -0.011587        1.000000
       244.000000       -0.011579        1.000000
       245.000000       -0.011578        1.000000
       246.000000       -0.011572        1.000000
       247.000000       -0.011572        1.000000
       248.000000       -0.011566        1.000000
       249.000000       -0.011566        1.000000
       250.000000       -0.011556        1.000000
       251.000000       -0.011556        1.000000
       252.000000       -0.011489        1.000000
       253.000000       -0.011486        1.000000
       254.000000       -0.011435        1.000000
       255.000000       -0.011139        1.000000
       256.000000       -0.011139        1.000000
       257.000000       -0.010888        1.000000
       258.000000       -0.010887        1.000000
       259.000000       -0.010781        1.000000
       260.000000       -0.010781        1.000000
       261.000000       -0.010686        1.000000
       262.000000       -0.010683        1.000000
       263.000000       -0.010683        1.000000
       264.000000       -0.010482        1.000000
       265.000000       -0.010482        1.000000
       266.000000       -0.010460        1.000000
       267.000000       -0.010460        1.000000
       268.000000       -0.009900        1.000000
       269.000000       -0.009900        1.000000
       270.000000       -0.009849        1.000000
       271.000000       -0.009823        1.000000
       272.000000       -0.009823        1.000000
       273.000000       -0.009821        1.000000
       274.000000       -0.009820        1.000000
       275.000000       -0.009523        1.000000
       276.000000       -0.009523        1.000000
       277.000000       -0.009477        1.000000
       278.000000       -0.009112        1.000000
       279.000000       -0.009055        1.000000
       280.000000       -0.009055        1.000000
       281.000000       -0.008844        1.000000
       282.000000       -0.008843        1.000000
       283.000000       -0.008800        1.000000
       284.000000       -0.008800        1.000000
       285.000000       -0.008738        1.000000
       286.000000       -0.008738        1.000000
       287.000000       -0.008715        1.000000
       288.000000       -0.008678        1.000000
       289.000000       -0.008678        1.000000
       290.000000       -0.008508        1.000000
       291.000000       -0.008508        1.000000
       292.000000       -0.008490        1.000000
       293.000000       -0.008446        1.000000
       294.000000       -0.008445        1.000000
       295.000000       -0.008426        1.000000
       296.000000       -0.008426        1.000000
       297.000000       -0.008287        1.000000
       298.000000       -0.008287        1.000000
       299.000000       -0.008267        1.000000
       300.000000       -0.008267        1.000000
       301.000000       -0.008154        1.000000
       302.000000       -0.008153        1.000000
       303.000000       -0.008085        1.000000
       304.000000       -0.008085        1.000000
       305.000000       -0.008064        1.000000
       306.000000       -0.008064        1.000000
       307.000000       -0.008049        1.000000
       308.000000       -0.008048        1.000000
       309.000000       -0.007951        1.000000
       310.000000       -0.007931        1.000000
       311.000000       -0.007930        1.000000
       312.000000       -0.007809        1.000000
       313.000000       -0.007808        1.000000
       314.000000       -0.007773        1.000000
       315.000000       -0.007773        1.000000
       316.000000       -0.007772        1.000000
       317.000000       -0.007772        1.000000
       318.000000       -0.007702        1.000000
       319.000000       -0.007702        1.000000
       320.000000       -0.007641        1.000000
       321.000000       -0.007621        1.000000
       322.000000       -0.007621        1.000000
       323.000000       -0.007487        1.000000
       324.000000       -0.007487        1.000000
       325.000000       -0.007440        1.000000
       326.000000       -0.007440        1.000000
       327.000000       -0.007430        1.000000
       328.000000       -0.007421        1.000000
       329.000000       -0.007421        1.000000
       330.000000       -0.007418        1.000000
       331.000000       -0.007417        1.000000
       332.000000       -0.007238        1.000000
       333.000000       -0.007238        1.000000
       334.000000       -0.007238        1.000000
       335.000000       -0.007237        1.000000
       336.000000       -0.007192        1.000000
       337.000000       -0.007191        1.000000
       338.000000       -0.007133        1.000000
       339.000000       -0.007133        1.000000
       340.000000       -0.007019        1.000000
       341.000000       -0.007018        1.000000
       342.000000       -0.006983        1.000000
       343.000000       -0.006926        1.000000
       344.000000       -0.006914        1.000000
       345.000000       -0.006886        1.000000
       346.000000       -0.006885        1.000000
       347.000000       -0.006847        1.000000
       348.000000       -0.006847        1.000000
       349.000000       -0.006784        1.000000
       350.000000       -0.006681        1.000000
       351.000000       -0.006676        1.000000
       352.000000       -0.006607        1.000000
       353.000000       -0.006606        1.000000
       354.000000       -0.006408        1.000000
       355.000000       -0.006407        1.000000
       356.000000       -0.006273        1.000000
       357.000000       -0.006265        1.000000
       358.000000       -0.006265        1.000000
       359.000000       -0.006177        1.000000
       360.000000       -0.006176        1.000000
       361.000000       -0.006159        1.000000
       362.000000       -0.006156        1.000000
       363.000000       -0.006135        1.000000
       364.000000       -0.006126        1.000000
       365.000000       -0.006126        1.000000
       366.000000       -0.006122        1.000000
       367.000000       -0.006118        1.000000
       368.000000       -0.006118        1.000000
       369.000000       -0.006109        1.000000
       370.000000       -0.006109        1.000000
       371.000000       -0.006102        1.000000
       372.000000       -0.006102        1.000000
       373.000000       -0.006089        1.000000
       374.000000       -0.006089        1.000000
       375.000000       -0.006081        1.000000
       376.000000       -0.006081        1.000000
       377.000000       -0.006077        1.000000
       378.000000       -0.006077        1.000000
       379.000000       -0.005980        1.000000
       380.000000       -0.005978        1.000000
       381.000000       -0.005898        1.000000
       382.000000       -0.005898        1.000000
       383.000000       -0.005865        1.000000
       384.000000       -0.005865        1.000000
       385.000000       -0.005778        1.000000
       386.000000       -0.005778        1.000000
       387.000000       -0.005777        1.000000
       388.000000       -0.005776        1.000000
       389.000000       -0.005717        1.000000
       390.000000       -0.005690        1.000000
       391.000000       -0.005688        1.000000
       392.000000       -0.005590        1.000000
       393.000000       -0.005589        1.000000
       394.000000       -0.005574        1.000000
       395.000000       -0.005567        1.000000
       396.000000       -0.005565        1.000000
       397.000000       -0.005540        1.000000
       398.000000       -0.005538        1.000000
       399.000000       -0.005472        1.000000
       400.000000       -0.005471        1.000000
       401.000000       -0.005439        1.000000
       402.000000       -0.005434        1.000000
       403.000000       -0.005432        1.000000
       404.000000       -0.005418        1.000000
       405.000000       -0.005416        1.000000
       406.000000       -0.005366        1.000000
       407.000000       -0.005362        1.000000
       408.000000       -0.005360        1.000000
       409.000000       -0.005359        1.000000
       410.000000       -0.005357        1.000000
       411.000000       -0.005355        1.000000
       412.000000       -0.005292        1.000000
       413.000000       -0.005291        1.000000
       414.000000       -0.005247        1.000000
       415.000000       -0.005245        1.000000
       416.000000       -0.005242        1.000000
       417.000000       -0.005241        1.000000
       418.000000       -0.005234        1.000000
       419.000000       -0.005202        1.000000
       420.000000       -0.005198        1.000000
       421.000000       -0.005176        1.000000
       422.000000       -0.005172        1.000000
       423.000000       -0.005082        1.000000
       424.000000       -0.005079        1.000000
       425.000000       -0.005067        1.000000
       426.000000       -0.005065        1.000000
       427.000000       -0.005032        1.000000
       428.000000       -0.005031        1.000000
       429.000000       -0.005010        1.000000
       430.000000       -0.005007        1.000000
       431.000000       -0.004980        1.000000
       432.000000       -0.004975        1.000000
       433.000000       -0.004912        1.000000
       434.000000       -0.004910        1.000000
       435.000000       -0.004902        1.000000
       436.000000       -0.004899        1.000000
       437.000000       -0.004826        1.000000
       438.000000       -0.004781        1.000000
       439.000000       -0.004779        1.000000
       440.000000       -0.004768        1.000000
       441.000000       -0.004768        1.000000
       442.000000       -0.004743        1.000000
       443.000000       -0.004740        1.000000
       444.000000       -0.004739        1.000000
       445.000000       -0.004715        1.000000
       446.000000       -0.004714        1.000000
       447.000000       -0.004686        1.000000
       448.000000       -0.004681        1.000000
       449.000000       -0.004643        1.000000
       450.000000       -0.004643        1.000000
       451.000000       -0.004625        1.000000
       452.000000       -0.004624        1.000000
       453.000000       -0.004623        1.000000
       454.000000       -0.004619        1.000000
       455.000000       -0.004544        1.000000
       456.000000       -0.004528        1.000000
       457.000000       -0.004525        1.000000
       458.000000       -0.004523        0.000000
       459.000000       -0.004519        0.000000
       460.000000       -0.004431        1.000000
       461.000000       -0.004426        1.000000
       462.000000       -0.004371        1.000000
       463.000000       -0.004368        1.000000
       464.000000       -0.004349        1.000000
       465.000000       -0.004263        1.000000
       466.000000       -0.004261        1.000000
       467.000000       -0.004255        1.000000
       468.000000       -0.004244        1.000000
       469.000000       -0.004239        1.000000
       470.000000       -0.004224        1.000000
       471.000000       -0.004218        1.000000
       472.000000       -0.004217        1.000000
       473.000000       -0.004175        1.000000
       474.000000       -0.004174        1.000000
       475.000000       -0.004162        1.000000
       476.000000       -0.004156        1.000000
       477.000000       -0.004112        1.000000
       478.000000       -0.004111        1.000000
       479.000000       -0.004052        1.000000
       480.000000       -0.004050        1.000000
       481.000000       -0.004002        1.000000
       482.000000       -0.003997        1.000000
       483.000000       -0.003993        1.000000
       484.000000       -0.003989        1.000000
       485.000000       -0.003978        1.000000
       486.000000       -0.003970        1.000000
       487.000000       -0.003952        1.000000
       488.000000       -0.003951        1.000000
       489.000000       -0.003939        1.000000
       490.000000       -0.003919        1.000000
       491.000000       -0.003915        1.000000
       492.000000       -0.003893        0.000000
       493.000000       -0.003887        0.000000
       494.000000       -0.003817        1.000000
       495.000000       -0.003814        1.000000
       496.000000       -0.003796        1.000000
       497.000000       -0.003779        1.000000
       498.000000       -0.003777        0.000000
       499.000000       -0.003759        0.000000
       500.000000       -0.003754        0.000000
