#            iprt         eigenv.           conv.
         1.000000       -4.034671        1.000000
         2.000000       -1.548003        0.000000
         3.000000       -0.967075        1.000000
         4.000000       -0.967069        1.000000
         5.000000       -0.804998        1.000000
         6.000000       -0.804989        1.000000
         7.000000       -0.731945        1.000000
         8.000000       -0.600021        0.000000
         9.000000       -0.535871        0.000000
        10.000000       -0.513276        0.000000
        11.000000       -0.513271        0.000000
        12.000000       -0.421031        1.000000
        13.000000       -0.359454        1.000000
        14.000000       -0.359449        1.000000
        15.000000       -0.345886        1.000000
        16.000000       -0.345884        1.000000
        17.000000       -0.340535        1.000000
        18.000000       -0.325651        1.000000
        19.000000       -0.325646        1.000000
        20.000000       -0.280253        0.000000
        21.000000       -0.250850        1.000000
        22.000000       -0.250843        1.000000
        23.000000       -0.228710        0.000000
        24.000000       -0.213214        1.000000
        25.000000       -0.213212        1.000000
        26.000000       -0.167001        1.000000
        27.000000       -0.167000        1.000000
        28.000000       -0.161750        1.000000
        29.000000       -0.161748        1.000000
        30.000000       -0.150921        1.000000
        31.000000       -0.150875        1.000000
        32.000000       -0.139869        0.000000
        33.000000       -0.136650        0.000000
        34.000000       -0.133563        1.000000
        35.000000       -0.133524        0.000000
        36.000000       -0.129053        1.000000
        37.000000       -0.129051        0.000000
        38.000000       -0.122430        1.000000
        39.000000       -0.106658        1.000000
        40.000000       -0.106657        1.000000
        41.000000       -0.097925        0.000000
        42.000000       -0.096445        1.000000
        43.000000       -0.096445        0.000000
        44.000000       -0.091692        1.000000
        45.000000       -0.091691        1.000000
        46.000000       -0.081587        1.000000
        47.000000       -0.075222        1.000000
        48.000000       -0.074335        1.000000
        49.000000       -0.074335        1.000000
        50.000000       -0.065231        1.000000
        51.000000       -0.065230        1.000000
        52.000000       -0.065207        1.000000
        53.000000       -0.065206        1.000000
        54.000000       -0.063578        1.000000
        55.000000       -0.063577        1.000000
        56.000000       -0.060176        1.000000
        57.000000       -0.057641        1.000000
        58.000000       -0.057640        1.000000
        59.000000       -0.056923        1.000000
        60.000000       -0.056922        1.000000
        61.000000       -0.055863        1.000000
        62.000000       -0.055862        1.000000
        63.000000       -0.054274        0.000000
        64.000000       -0.053268        1.000000
        65.000000       -0.053267        1.000000
        66.000000       -0.053264        1.000000
        67.000000       -0.046899        1.000000
        68.000000       -0.046899        1.000000
        69.000000       -0.046193        1.000000
        70.000000       -0.044204        1.000000
        71.000000       -0.044204        1.000000
        72.000000       -0.044118        1.000000
        73.000000       -0.044117        1.000000
        74.000000       -0.040432        1.000000
        75.000000       -0.039959        1.000000
        76.000000       -0.039937        1.000000
        77.000000       -0.038741        1.000000
        78.000000       -0.038741        1.000000
        79.000000       -0.038647        1.000000
        80.000000       -0.038646        1.000000
        81.000000       -0.037726        1.000000
        82.000000       -0.037081        1.000000
        83.000000       -0.037080        1.000000
        84.000000       -0.034124        1.000000
        85.000000       -0.034105        1.000000
        86.000000       -0.034105        1.000000
        87.000000       -0.034102        1.000000
        88.000000       -0.034091        1.000000
        89.000000       -0.031284        1.000000
        90.000000       -0.031284        1.000000
        91.000000       -0.030936        1.000000
        92.000000       -0.030936        1.000000
        93.000000       -0.030315        1.000000
        94.000000       -0.030314        1.000000
        95.000000       -0.029455        1.000000
        96.000000       -0.028682        1.000000
        97.000000       -0.028682        1.000000
        98.000000       -0.028498        1.000000
        99.000000       -0.028498        1.000000
       100.000000       -0.028169        0.000000
       101.000000       -0.027357        1.000000
       102.000000       -0.027357        1.000000
       103.000000       -0.025672        1.000000
       104.000000       -0.025671        1.000000
       105.000000       -0.025537        1.000000
       106.000000       -0.025335        1.000000
       107.000000       -0.025335        1.000000
       108.000000       -0.024506        1.000000
       109.000000       -0.024505        1.000000
       110.000000       -0.024115        0.000000
       111.000000       -0.023215        1.000000
       112.000000       -0.023215        1.000000
       113.000000       -0.023194        0.000000
       114.000000       -0.022654        1.000000
       115.000000       -0.022653        1.000000
       116.000000       -0.022438        1.000000
       117.000000       -0.022438        0.000000
       118.000000       -0.021866        1.000000
       119.000000       -0.021866        1.000000
       120.000000       -0.021164        1.000000
       121.000000       -0.021164        1.000000
       122.000000       -0.020822        1.000000
       123.000000       -0.020819        1.000000
       124.000000       -0.020803        1.000000
       125.000000       -0.020803        1.000000
       126.000000       -0.020253        1.000000
       127.000000       -0.020253        1.000000
       128.000000       -0.019465        1.000000
       129.000000       -0.019392        1.000000
       130.000000       -0.019392        1.000000
       131.000000       -0.019094        1.000000
       132.000000       -0.018579        1.000000
       133.000000       -0.018578        1.000000
       134.000000       -0.018096        1.000000
       135.000000       -0.018096        1.000000
       136.000000       -0.018026        1.000000
       137.000000       -0.017934        1.000000
       138.000000       -0.017933        0.000000
       139.000000       -0.017796        0.000000
       140.000000       -0.017796        0.000000
       141.000000       -0.017522        0.000000
       142.000000       -0.017522        0.000000
       143.000000       -0.016906        0.000000
       144.000000       -0.016894        0.000000
       145.000000       -0.016739        0.000000
       146.000000       -0.016736        0.000000
       147.000000       -0.016290        1.000000
       148.000000       -0.015961        1.000000
       149.000000       -0.015933        0.000000
       150.000000       -0.015932        0.000000
       151.000000       -0.015508        0.000000
       152.000000       -0.015507        0.000000
       153.000000       -0.015209        1.000000
       154.000000       -0.015208        1.000000
       155.000000       -0.015000        1.000000
       156.000000       -0.014998        1.000000
       157.000000       -0.014983        1.000000
       158.000000       -0.014982        1.000000
       159.000000       -0.014884        0.000000
       160.000000       -0.014408        1.000000
       161.000000       -0.014408        0.000000
       162.000000       -0.013863        1.000000
       163.000000       -0.013862        1.000000
       164.000000       -0.013778        1.000000
       165.000000       -0.013550        1.000000
       166.000000       -0.013323        1.000000
       167.000000       -0.013321        1.000000
       168.000000       -0.013317        1.000000
       169.000000       -0.013316        1.000000
       170.000000       -0.013254        0.000000
       171.000000       -0.013253        0.000000
       172.000000       -0.013190        0.000000
       173.000000       -0.013189        0.000000
       174.000000       -0.013000        0.000000
       175.000000       -0.012999        0.000000
       176.000000       -0.012757        0.000000
       177.000000       -0.012754        0.000000
       178.000000       -0.012459        0.000000
       179.000000       -0.012107        1.000000
       180.000000       -0.012105        0.000000
       181.000000       -0.012060        0.000000
       182.000000       -0.012060        0.000000
       183.000000       -0.011886        0.000000
       184.000000       -0.011885        0.000000
       185.000000       -0.011818        0.000000
       186.000000       -0.011816        0.000000
       187.000000       -0.011614        0.000000
       188.000000       -0.011610        0.000000
       189.000000       -0.011421        0.000000
       190.000000       -0.011419        0.000000
       191.000000       -0.011284        0.000000
       192.000000       -0.011282        0.000000
       193.000000       -0.011235        0.000000
       194.000000       -0.011234        0.000000
       195.000000       -0.011142        0.000000
       196.000000       -0.011085        0.000000
       197.000000       -0.011082        0.000000
       198.000000       -0.010716        0.000000
       199.000000       -0.010715        0.000000
       200.000000       -0.010713        0.000000
       201.000000       -0.010502        0.000000
       202.000000       -0.010376        0.000000
       203.000000       -0.010370        0.000000
       204.000000       -0.010249        0.000000
       205.000000       -0.010238        0.000000
       206.000000       -0.010130        0.000000
       207.000000       -0.010077        0.000000
       208.000000       -0.010076        0.000000
       209.000000       -0.010075        0.000000
       210.000000       -0.010070        0.000000
       211.000000       -0.009902        0.000000
       212.000000       -0.009899        0.000000
       213.000000       -0.009750        0.000000
       214.000000       -0.009745        0.000000
       215.000000       -0.009579        0.000000
       216.000000       -0.009566        0.000000
       217.000000       -0.009564        0.000000
       218.000000       -0.009461        0.000000
       219.000000       -0.009456        0.000000
       220.000000       -0.009362        0.000000
       221.000000       -0.009360        0.000000
       222.000000       -0.009311        0.000000
       223.000000       -0.009137        0.000000
       224.000000       -0.009133        0.000000
       225.000000       -0.009079        0.000000
       226.000000       -0.009074        0.000000
       227.000000       -0.008907        0.000000
       228.000000       -0.008906        0.000000
       229.000000       -0.008876        0.000000
       230.000000       -0.008874        0.000000
       231.000000       -0.008761        0.000000
       232.000000       -0.008756        0.000000
       233.000000       -0.008560        0.000000
       234.000000       -0.008547        0.000000
       235.000000       -0.008543        0.000000
       236.000000       -0.008531        0.000000
       237.000000       -0.008529        0.000000
       238.000000       -0.008425        0.000000
       239.000000       -0.008373        0.000000
       240.000000       -0.008369        0.000000
       241.000000       -0.008318        0.000000
       242.000000       -0.008312        0.000000
       243.000000       -0.007971        0.000000
       244.000000       -0.007966        0.000000
       245.000000       -0.007951        0.000000
       246.000000       -0.007864        0.000000
       247.000000       -0.007838        0.000000
       248.000000       -0.007790        0.000000
       249.000000       -0.007783        0.000000
       250.000000       -0.007692        0.000000
       251.000000       -0.007687        0.000000
       252.000000       -0.007633        0.000000
       253.000000       -0.007614        0.000000
       254.000000       -0.007589        0.000000
       255.000000       -0.007587        0.000000
       256.000000       -0.007584        0.000000
       257.000000       -0.007567        0.000000
       258.000000       -0.007528        0.000000
       259.000000       -0.007524        0.000000
       260.000000       -0.007357        0.000000
       261.000000       -0.007351        0.000000
       262.000000       -0.007306        0.000000
       263.000000       -0.007209        0.000000
       264.000000       -0.007193        0.000000
       265.000000       -0.007068        0.000000
       266.000000       -0.007062        0.000000
       267.000000       -0.007034        0.000000
       268.000000       -0.007030        0.000000
       269.000000       -0.007021        0.000000
       270.000000       -0.007014        0.000000
       271.000000       -0.006979        0.000000
       272.000000       -0.006969        0.000000
       273.000000       -0.006916        0.000000
       274.000000       -0.006874        0.000000
       275.000000       -0.006865        0.000000
       276.000000       -0.006846        0.000000
       277.000000       -0.006843        0.000000
       278.000000       -0.006766        0.000000
       279.000000       -0.006765        0.000000
       280.000000       -0.006733        0.000000
       281.000000       -0.006723        0.000000
       282.000000       -0.006708        0.000000
       283.000000       -0.006639        0.000000
       284.000000       -0.006634        0.000000
       285.000000       -0.006608        0.000000
       286.000000       -0.006599        0.000000
       287.000000       -0.006589        0.000000
       288.000000       -0.006472        0.000000
       289.000000       -0.006463        0.000000
       290.000000       -0.006380        0.000000
       291.000000       -0.006208        0.000000
       292.000000       -0.006188        0.000000
       293.000000       -0.006173        0.000000
       294.000000       -0.006162        0.000000
       295.000000       -0.006139        0.000000
       296.000000       -0.006101        0.000000
       297.000000       -0.006099        0.000000
       298.000000       -0.006064        0.000000
       299.000000       -0.006046        0.000000
       300.000000       -0.006042        0.000000
       301.000000       -0.006034        0.000000
       302.000000       -0.005964        0.000000
       303.000000       -0.005922        0.000000
       304.000000       -0.005916        0.000000
       305.000000       -0.005915        0.000000
       306.000000       -0.005903        0.000000
       307.000000       -0.005886        0.000000
       308.000000       -0.005860        0.000000
       309.000000       -0.005849        0.000000
       310.000000       -0.005840        0.000000
       311.000000       -0.005828        0.000000
       312.000000       -0.005818        0.000000
       313.000000       -0.005815        0.000000
       314.000000       -0.005689        0.000000
       315.000000       -0.005672        0.000000
       316.000000       -0.005662        0.000000
       317.000000       -0.005650        0.000000
       318.000000       -0.005588        0.000000
       319.000000       -0.005580        0.000000
       320.000000       -0.005471        0.000000
       321.000000       -0.005463        0.000000
       322.000000       -0.005457        0.000000
       323.000000       -0.005451        0.000000
       324.000000       -0.005439        0.000000
       325.000000       -0.005436        0.000000
       326.000000       -0.005419        0.000000
       327.000000       -0.005401        0.000000
       328.000000       -0.005374        0.000000
       329.000000       -0.005348        0.000000
       330.000000       -0.005276        0.000000
       331.000000       -0.005265        0.000000
       332.000000       -0.005229        0.000000
       333.000000       -0.005211        0.000000
       334.000000       -0.005165        0.000000
       335.000000       -0.005159        0.000000
       336.000000       -0.005150        0.000000
       337.000000       -0.005128        0.000000
       338.000000       -0.005116        0.000000
       339.000000       -0.005080        0.000000
       340.000000       -0.005061        0.000000
       341.000000       -0.004990        0.000000
       342.000000       -0.004958        0.000000
       343.000000       -0.004949        0.000000
       344.000000       -0.004905        0.000000
       345.000000       -0.004888        0.000000
       346.000000       -0.004858        0.000000
       347.000000       -0.004840        0.000000
       348.000000       -0.004813        0.000000
       349.000000       -0.004801        0.000000
       350.000000       -0.004800        0.000000
       351.000000       -0.004754        0.000000
       352.000000       -0.004740        0.000000
       353.000000       -0.004716        0.000000
       354.000000       -0.004674        0.000000
       355.000000       -0.004663        0.000000
       356.000000       -0.004657        0.000000
       357.000000       -0.004647        0.000000
       358.000000       -0.004626        0.000000
       359.000000       -0.004622        0.000000
       360.000000       -0.004588        0.000000
       361.000000       -0.004585        0.000000
       362.000000       -0.004580        0.000000
       363.000000       -0.004550        0.000000
       364.000000       -0.004543        0.000000
       365.000000       -0.004529        0.000000
       366.000000       -0.004519        0.000000
       367.000000       -0.004494        0.000000
       368.000000       -0.004471        0.000000
       369.000000       -0.004464        0.000000
       370.000000       -0.004419        0.000000
       371.000000       -0.004394        0.000000
       372.000000       -0.004370        0.000000
       373.000000       -0.004363        0.000000
       374.000000       -0.004357        0.000000
       375.000000       -0.004340        0.000000
       376.000000       -0.004336        0.000000
       377.000000       -0.004322        0.000000
       378.000000       -0.004313        0.000000
       379.000000       -0.004296        0.000000
       380.000000       -0.004291        0.000000
       381.000000       -0.004278        0.000000
       382.000000       -0.004262        0.000000
       383.000000       -0.004235        0.000000
       384.000000       -0.004225        0.000000
       385.000000       -0.004217        0.000000
       386.000000       -0.004208        0.000000
       387.000000       -0.004203        0.000000
       388.000000       -0.004185        0.000000
       389.000000       -0.004163        0.000000
       390.000000       -0.004150        0.000000
       391.000000       -0.004127        0.000000
       392.000000       -0.004119        0.000000
       393.000000       -0.004106        0.000000
       394.000000       -0.004086        0.000000
       395.000000       -0.004082        0.000000
       396.000000       -0.004066        0.000000
       397.000000       -0.004062        0.000000
       398.000000       -0.004004        0.000000
       399.000000       -0.003997        0.000000
       400.000000       -0.003982        0.000000
       401.000000       -0.003967        0.000000
       402.000000       -0.003923        0.000000
       403.000000       -0.003911        0.000000
       404.000000       -0.003889        0.000000
       405.000000       -0.003871        0.000000
       406.000000       -0.003851        0.000000
       407.000000       -0.003817        0.000000
       408.000000       -0.003803        0.000000
       409.000000       -0.003782        0.000000
       410.000000       -0.003758        0.000000
       411.000000       -0.003732        0.000000
       412.000000       -0.003729        0.000000
       413.000000       -0.003714        0.000000
       414.000000       -0.003702        0.000000
       415.000000       -0.003681        0.000000
       416.000000       -0.003652        0.000000
       417.000000       -0.003640        0.000000
       418.000000       -0.003633        0.000000
       419.000000       -0.003624        0.000000
       420.000000       -0.003612        0.000000
       421.000000       -0.003601        0.000000
       422.000000       -0.003592        0.000000
       423.000000       -0.003580        0.000000
       424.000000       -0.003574        0.000000
       425.000000       -0.003569        0.000000
       426.000000       -0.003549        0.000000
       427.000000       -0.003545        0.000000
       428.000000       -0.003534        0.000000
       429.000000       -0.003515        0.000000
       430.000000       -0.003503        0.000000
       431.000000       -0.003486        0.000000
       432.000000       -0.003480        0.000000
       433.000000       -0.003463        0.000000
       434.000000       -0.003439        0.000000
       435.000000       -0.003430        0.000000
       436.000000       -0.003420        0.000000
       437.000000       -0.003409        0.000000
       438.000000       -0.003392        0.000000
       439.000000       -0.003385        0.000000
       440.000000       -0.003364        0.000000
       441.000000       -0.003338        0.000000
       442.000000       -0.003328        0.000000
       443.000000       -0.003301        0.000000
       444.000000       -0.003298        0.000000
       445.000000       -0.003288        0.000000
       446.000000       -0.003276        0.000000
       447.000000       -0.003261        0.000000
       448.000000       -0.003251        0.000000
       449.000000       -0.003236        0.000000
       450.000000       -0.003234        0.000000
       451.000000       -0.003220        0.000000
       452.000000       -0.003202        0.000000
       453.000000       -0.003188        0.000000
       454.000000       -0.003177        0.000000
       455.000000       -0.003171        0.000000
       456.000000       -0.003159        0.000000
       457.000000       -0.003146        0.000000
       458.000000       -0.003136        0.000000
       459.000000       -0.003128        0.000000
       460.000000       -0.003119        0.000000
       461.000000       -0.003111        0.000000
       462.000000       -0.003095        0.000000
       463.000000       -0.003083        0.000000
       464.000000       -0.003078        0.000000
       465.000000       -0.003066        0.000000
       466.000000       -0.003051        0.000000
       467.000000       -0.003033        0.000000
       468.000000       -0.003023        0.000000
       469.000000       -0.003013        0.000000
       470.000000       -0.002996        0.000000
       471.000000       -0.002991        0.000000
       472.000000       -0.002959        0.000000
       473.000000       -0.002951        0.000000
       474.000000       -0.002935        0.000000
       475.000000       -0.002929        0.000000
       476.000000       -0.002921        0.000000
       477.000000       -0.002910        0.000000
       478.000000       -0.002896        0.000000
       479.000000       -0.002889        0.000000
       480.000000       -0.002873        0.000000
       481.000000       -0.002858        0.000000
       482.000000       -0.002849        0.000000
       483.000000       -0.002835        0.000000
       484.000000       -0.002832        0.000000
       485.000000       -0.002827        0.000000
       486.000000       -0.002808        0.000000
       487.000000       -0.002805        0.000000
       488.000000       -0.002799        0.000000
       489.000000       -0.002791        0.000000
       490.000000       -0.002778        0.000000
       491.000000       -0.002772        0.000000
       492.000000       -0.002756        0.000000
       493.000000       -0.002752        0.000000
       494.000000       -0.002743        0.000000
       495.000000       -0.002729        0.000000
       496.000000       -0.002720        0.000000
       497.000000       -0.002710        0.000000
       498.000000       -0.002708        0.000000
       499.000000       -0.002693        0.000000
       500.000000       -0.002678        0.000000
