#            iprt         eigenv.           conv.
         1.000000       -3.253133        1.000000
         2.000000       -1.762441        1.000000
         3.000000       -1.762439        1.000000
         4.000000       -1.429284        1.000000
         5.000000       -0.730440        1.000000
         6.000000       -0.725213        1.000000
         7.000000       -0.639689        1.000000
         8.000000       -0.639688        1.000000
         9.000000       -0.505046        1.000000
        10.000000       -0.438715        1.000000
        11.000000       -0.438714        1.000000
        12.000000       -0.417384        1.000000
        13.000000       -0.360683        1.000000
        14.000000       -0.339660        1.000000
        15.000000       -0.339660        1.000000
        16.000000       -0.316126        1.000000
        17.000000       -0.313861        1.000000
        18.000000       -0.255294        1.000000
        19.000000       -0.239070        1.000000
        20.000000       -0.239069        1.000000
        21.000000       -0.193873        1.000000
        22.000000       -0.191790        1.000000
        23.000000       -0.191790        1.000000
        24.000000       -0.177518        1.000000
        25.000000       -0.177499        1.000000
        26.000000       -0.177172        1.000000
        27.000000       -0.177172        1.000000
        28.000000       -0.174305        1.000000
        29.000000       -0.173979        1.000000
        30.000000       -0.171064        1.000000
        31.000000       -0.171064        1.000000
        32.000000       -0.169705        1.000000
        33.000000       -0.169678        1.000000
        34.000000       -0.167106        1.000000
        35.000000       -0.167106        1.000000
        36.000000       -0.164058        1.000000
        37.000000       -0.151640        1.000000
        38.000000       -0.148182        1.000000
        39.000000       -0.148119        1.000000
        40.000000       -0.126360        1.000000
        41.000000       -0.126088        1.000000
        42.000000       -0.126088        1.000000
        43.000000       -0.125903        1.000000
        44.000000       -0.125903        1.000000
        45.000000       -0.125836        1.000000
        46.000000       -0.125706        1.000000
        47.000000       -0.125692        1.000000
        48.000000       -0.125408        1.000000
        49.000000       -0.125408        1.000000
        50.000000       -0.125310        1.000000
        51.000000       -0.125310        1.000000
        52.000000       -0.125259        1.000000
        53.000000       -0.125259        1.000000
        54.000000       -0.123498        1.000000
        55.000000       -0.120385        1.000000
        56.000000       -0.120385        1.000000
        57.000000       -0.106360        1.000000
        58.000000       -0.102984        1.000000
        59.000000       -0.102984        1.000000
        60.000000       -0.102649        1.000000
        61.000000       -0.096942        1.000000
        62.000000       -0.096844        1.000000
        63.000000       -0.091569        1.000000
        64.000000       -0.091569        1.000000
        65.000000       -0.087841        1.000000
        66.000000       -0.087429        1.000000
        67.000000       -0.087429        1.000000
        68.000000       -0.087157        1.000000
        69.000000       -0.081737        1.000000
        70.000000       -0.081702        1.000000
        71.000000       -0.079084        1.000000
        72.000000       -0.073506        1.000000
        73.000000       -0.073020        1.000000
        74.000000       -0.073020        1.000000
        75.000000       -0.072897        1.000000
        76.000000       -0.060584        1.000000
        77.000000       -0.056710        1.000000
        78.000000       -0.056710        1.000000
        79.000000       -0.054386        1.000000
        80.000000       -0.054386        1.000000
        81.000000       -0.052194        1.000000
        82.000000       -0.052194        1.000000
        83.000000       -0.051089        1.000000
        84.000000       -0.049832        1.000000
        85.000000       -0.049707        1.000000
        86.000000       -0.049204        1.000000
        87.000000       -0.049203        1.000000
        88.000000       -0.049190        1.000000
        89.000000       -0.049189        1.000000
        90.000000       -0.049189        1.000000
        91.000000       -0.049189        1.000000
        92.000000       -0.049170        1.000000
        93.000000       -0.049170        1.000000
        94.000000       -0.049161        1.000000
        95.000000       -0.049160        1.000000
        96.000000       -0.049159        1.000000
        97.000000       -0.049141        1.000000
        98.000000       -0.049141        1.000000
        99.000000       -0.049134        1.000000
       100.000000       -0.049134        1.000000
       101.000000       -0.048937        1.000000
       102.000000       -0.048744        1.000000
       103.000000       -0.048591        1.000000
       104.000000       -0.044701        1.000000
       105.000000       -0.044228        1.000000
       106.000000       -0.044202        1.000000
       107.000000       -0.043245        1.000000
       108.000000       -0.038096        1.000000
       109.000000       -0.038096        1.000000
       110.000000       -0.038068        1.000000
       111.000000       -0.038068        1.000000
       112.000000       -0.037139        1.000000
       113.000000       -0.037128        1.000000
       114.000000       -0.035143        1.000000
       115.000000       -0.035143        1.000000
       116.000000       -0.034723        1.000000
       117.000000       -0.034723        1.000000
       118.000000       -0.034052        1.000000
       119.000000       -0.034038        1.000000
       120.000000       -0.032579        1.000000
       121.000000       -0.032532        1.000000
       122.000000       -0.032488        1.000000
       123.000000       -0.032054        1.000000
       124.000000       -0.031349        1.000000
       125.000000       -0.031312        1.000000
       126.000000       -0.031220        1.000000
       127.000000       -0.031220        1.000000
       128.000000       -0.031014        1.000000
       129.000000       -0.031014        1.000000
       130.000000       -0.029681        1.000000
       131.000000       -0.029681        1.000000
       132.000000       -0.029668        1.000000
       133.000000       -0.029668        1.000000
       134.000000       -0.029089        1.000000
       135.000000       -0.028449        1.000000
       136.000000       -0.028448        1.000000
       137.000000       -0.027892        1.000000
       138.000000       -0.027892        1.000000
       139.000000       -0.027337        1.000000
       140.000000       -0.027288        1.000000
       141.000000       -0.027163        1.000000
       142.000000       -0.024984        1.000000
       143.000000       -0.024984        1.000000
       144.000000       -0.024931        1.000000
       145.000000       -0.024892        1.000000
       146.000000       -0.023429        1.000000
       147.000000       -0.023428        1.000000
       148.000000       -0.023309        1.000000
       149.000000       -0.023309        1.000000
       150.000000       -0.022900        1.000000
       151.000000       -0.022900        1.000000
       152.000000       -0.022896        1.000000
       153.000000       -0.022896        1.000000
       154.000000       -0.022896        1.000000
       155.000000       -0.022895        1.000000
       156.000000       -0.022894        1.000000
       157.000000       -0.022892        1.000000
       158.000000       -0.022888        1.000000
       159.000000       -0.022885        1.000000
       160.000000       -0.022885        1.000000
       161.000000       -0.022882        1.000000
       162.000000       -0.022882        1.000000
       163.000000       -0.022878        1.000000
       164.000000       -0.022878        1.000000
       165.000000       -0.022866        1.000000
       166.000000       -0.022866        1.000000
       167.000000       -0.022855        1.000000
       168.000000       -0.022855        1.000000
       169.000000       -0.022852        1.000000
       170.000000       -0.022851        1.000000
       171.000000       -0.022848        1.000000
       172.000000       -0.020958        1.000000
       173.000000       -0.020958        1.000000
       174.000000       -0.020788        1.000000
       175.000000       -0.020733        1.000000
       176.000000       -0.020604        1.000000
       177.000000       -0.020604        1.000000
       178.000000       -0.020461        1.000000
       179.000000       -0.019206        1.000000
       180.000000       -0.019206        1.000000
       181.000000       -0.018680        1.000000
       182.000000       -0.018677        1.000000
       183.000000       -0.018645        1.000000
       184.000000       -0.018636        1.000000
       185.000000       -0.018616        1.000000
       186.000000       -0.017865        1.000000
       187.000000       -0.017778        1.000000
       188.000000       -0.017778        1.000000
       189.000000       -0.017195        1.000000
       190.000000       -0.017195        1.000000
       191.000000       -0.017174        1.000000
       192.000000       -0.016943        1.000000
       193.000000       -0.016943        1.000000
       194.000000       -0.016668        1.000000
       195.000000       -0.016666        1.000000
       196.000000       -0.016148        1.000000
       197.000000       -0.016119        1.000000
       198.000000       -0.016007        1.000000
       199.000000       -0.016007        1.000000
       200.000000       -0.015987        1.000000
       201.000000       -0.015782        1.000000
       202.000000       -0.015782        1.000000
       203.000000       -0.015487        1.000000
       204.000000       -0.015486        1.000000
       205.000000       -0.015422        1.000000
       206.000000       -0.015401        1.000000
       207.000000       -0.015352        1.000000
       208.000000       -0.015342        1.000000
       209.000000       -0.014932        1.000000
       210.000000       -0.014925        1.000000
       211.000000       -0.014850        1.000000
       212.000000       -0.014850        1.000000
       213.000000       -0.014788        1.000000
       214.000000       -0.014788        1.000000
       215.000000       -0.014755        1.000000
       216.000000       -0.014755        1.000000
       217.000000       -0.014669        1.000000
       218.000000       -0.014669        1.000000
       219.000000       -0.014658        1.000000
       220.000000       -0.014092        1.000000
       221.000000       -0.013819        1.000000
       222.000000       -0.013819        1.000000
       223.000000       -0.013732        1.000000
       224.000000       -0.013526        1.000000
       225.000000       -0.013526        1.000000
       226.000000       -0.013105        1.000000
       227.000000       -0.013094        1.000000
       228.000000       -0.012843        1.000000
       229.000000       -0.012597        1.000000
       230.000000       -0.012483        1.000000
       231.000000       -0.012481        1.000000
       232.000000       -0.012134        1.000000
       233.000000       -0.012134        1.000000
       234.000000       -0.012091        1.000000
       235.000000       -0.012091        1.000000
       236.000000       -0.012000        1.000000
       237.000000       -0.012000        1.000000
       238.000000       -0.011951        1.000000
       239.000000       -0.011950        1.000000
       240.000000       -0.011803        1.000000
       241.000000       -0.011620        1.000000
       242.000000       -0.011620        1.000000
       243.000000       -0.011611        1.000000
       244.000000       -0.011611        1.000000
       245.000000       -0.011611        1.000000
       246.000000       -0.011609        1.000000
       247.000000       -0.011608        1.000000
       248.000000       -0.011608        1.000000
       249.000000       -0.011607        1.000000
       250.000000       -0.011607        1.000000
       251.000000       -0.011605        1.000000
       252.000000       -0.011605        1.000000
       253.000000       -0.011605        1.000000
       254.000000       -0.011601        1.000000
       255.000000       -0.011600        1.000000
       256.000000       -0.011600        1.000000
       257.000000       -0.011600        1.000000
       258.000000       -0.011596        1.000000
       259.000000       -0.011596        1.000000
       260.000000       -0.011595        1.000000
       261.000000       -0.011595        1.000000
       262.000000       -0.011593        1.000000
       263.000000       -0.011593        1.000000
       264.000000       -0.011587        1.000000
       265.000000       -0.011587        1.000000
       266.000000       -0.011551        1.000000
       267.000000       -0.011316        1.000000
       268.000000       -0.011316        1.000000
       269.000000       -0.011283        1.000000
       270.000000       -0.011275        1.000000
       271.000000       -0.010768        1.000000
       272.000000       -0.010767        1.000000
       273.000000       -0.010540        1.000000
       274.000000       -0.010540        1.000000
       275.000000       -0.010400        1.000000
       276.000000       -0.010400        1.000000
       277.000000       -0.010308        1.000000
       278.000000       -0.010161        1.000000
       279.000000       -0.009935        1.000000
       280.000000       -0.009935        1.000000
       281.000000       -0.009855        1.000000
       282.000000       -0.009661        1.000000
       283.000000       -0.009545        1.000000
       284.000000       -0.009545        1.000000
       285.000000       -0.009478        1.000000
       286.000000       -0.009478        1.000000
       287.000000       -0.009404        1.000000
       288.000000       -0.009403        1.000000
       289.000000       -0.009133        1.000000
       290.000000       -0.009133        1.000000
       291.000000       -0.008940        1.000000
       292.000000       -0.008909        1.000000
       293.000000       -0.008805        1.000000
       294.000000       -0.008805        1.000000
       295.000000       -0.008739        1.000000
       296.000000       -0.008715        1.000000
       297.000000       -0.008715        1.000000
       298.000000       -0.008596        1.000000
       299.000000       -0.008596        1.000000
       300.000000       -0.008513        1.000000
       301.000000       -0.008504        1.000000
       302.000000       -0.008504        1.000000
       303.000000       -0.008487        1.000000
       304.000000       -0.008382        1.000000
       305.000000       -0.008320        1.000000
       306.000000       -0.008320        1.000000
       307.000000       -0.008213        1.000000
       308.000000       -0.008194        1.000000
       309.000000       -0.008149        1.000000
       310.000000       -0.008148        1.000000
       311.000000       -0.008021        1.000000
       312.000000       -0.008020        1.000000
       313.000000       -0.007975        1.000000
       314.000000       -0.007975        1.000000
       315.000000       -0.007920        1.000000
       316.000000       -0.007913        1.000000
       317.000000       -0.007913        1.000000
       318.000000       -0.007888        1.000000
       319.000000       -0.007888        1.000000
       320.000000       -0.007858        1.000000
       321.000000       -0.007858        1.000000
       322.000000       -0.007767        1.000000
       323.000000       -0.007767        1.000000
       324.000000       -0.007744        1.000000
       325.000000       -0.007744        1.000000
       326.000000       -0.007712        1.000000
       327.000000       -0.007710        1.000000
       328.000000       -0.007680        1.000000
       329.000000       -0.007674        1.000000
       330.000000       -0.007660        1.000000
       331.000000       -0.007656        1.000000
       332.000000       -0.007567        1.000000
       333.000000       -0.007567        1.000000
       334.000000       -0.007554        1.000000
       335.000000       -0.007528        1.000000
       336.000000       -0.007340        1.000000
       337.000000       -0.007340        1.000000
       338.000000       -0.007339        1.000000
       339.000000       -0.007335        1.000000
       340.000000       -0.007042        1.000000
       341.000000       -0.006988        1.000000
       342.000000       -0.006988        1.000000
       343.000000       -0.006983        1.000000
       344.000000       -0.006983        1.000000
       345.000000       -0.006973        1.000000
       346.000000       -0.006973        1.000000
       347.000000       -0.006926        1.000000
       348.000000       -0.006921        1.000000
       349.000000       -0.006873        1.000000
       350.000000       -0.006873        1.000000
       351.000000       -0.006781        1.000000
       352.000000       -0.006781        1.000000
       353.000000       -0.006712        1.000000
       354.000000       -0.006645        1.000000
       355.000000       -0.006645        1.000000
       356.000000       -0.006503        1.000000
       357.000000       -0.006495        1.000000
       358.000000       -0.006378        1.000000
       359.000000       -0.006364        1.000000
       360.000000       -0.006256        1.000000
       361.000000       -0.006181        1.000000
       362.000000       -0.006180        1.000000
       363.000000       -0.006117        1.000000
       364.000000       -0.006117        1.000000
       365.000000       -0.006116        1.000000
       366.000000       -0.006115        1.000000
       367.000000       -0.006114        1.000000
       368.000000       -0.006113        1.000000
       369.000000       -0.006113        1.000000
       370.000000       -0.006113        1.000000
       371.000000       -0.006113        1.000000
       372.000000       -0.006112        1.000000
       373.000000       -0.006112        1.000000
       374.000000       -0.006110        1.000000
       375.000000       -0.006109        1.000000
       376.000000       -0.006108        1.000000
       377.000000       -0.006108        1.000000
       378.000000       -0.006107        1.000000
       379.000000       -0.006107        1.000000
       380.000000       -0.006107        1.000000
       381.000000       -0.006106        1.000000
       382.000000       -0.006105        1.000000
       383.000000       -0.006105        1.000000
       384.000000       -0.006105        1.000000
       385.000000       -0.006104        1.000000
       386.000000       -0.006104        1.000000
       387.000000       -0.006102        1.000000
       388.000000       -0.006102        1.000000
       389.000000       -0.006101        1.000000
       390.000000       -0.006101        1.000000
       391.000000       -0.006091        1.000000
       392.000000       -0.006091        1.000000
       393.000000       -0.006089        1.000000
       394.000000       -0.006068        1.000000
       395.000000       -0.006067        1.000000
       396.000000       -0.005993        1.000000
       397.000000       -0.005951        1.000000
       398.000000       -0.005951        1.000000
       399.000000       -0.005763        1.000000
       400.000000       -0.005762        1.000000
       401.000000       -0.005722        1.000000
       402.000000       -0.005721        1.000000
       403.000000       -0.005706        1.000000
       404.000000       -0.005706        1.000000
       405.000000       -0.005700        1.000000
       406.000000       -0.005700        1.000000
       407.000000       -0.005636        1.000000
       408.000000       -0.005634        1.000000
       409.000000       -0.005571        1.000000
       410.000000       -0.005571        1.000000
       411.000000       -0.005508        1.000000
       412.000000       -0.005446        1.000000
       413.000000       -0.005446        1.000000
       414.000000       -0.005394        1.000000
       415.000000       -0.005382        1.000000
       416.000000       -0.005261        1.000000
       417.000000       -0.005260        1.000000
       418.000000       -0.005181        1.000000
       419.000000       -0.005180        1.000000
       420.000000       -0.005130        1.000000
       421.000000       -0.005130        1.000000
       422.000000       -0.005124        1.000000
       423.000000       -0.005123        1.000000
       424.000000       -0.005103        1.000000
       425.000000       -0.005048        1.000000
       426.000000       -0.005044        1.000000
       427.000000       -0.005039        1.000000
       428.000000       -0.005039        1.000000
       429.000000       -0.004971        1.000000
       430.000000       -0.004954        1.000000
       431.000000       -0.004954        1.000000
       432.000000       -0.004948        1.000000
       433.000000       -0.004947        1.000000
       434.000000       -0.004943        1.000000
       435.000000       -0.004901        1.000000
       436.000000       -0.004861        1.000000
       437.000000       -0.004784        1.000000
       438.000000       -0.004781        1.000000
       439.000000       -0.004759        1.000000
       440.000000       -0.004759        1.000000
       441.000000       -0.004735        1.000000
       442.000000       -0.004735        1.000000
       443.000000       -0.004686        1.000000
       444.000000       -0.004686        1.000000
       445.000000       -0.004663        1.000000
       446.000000       -0.004626        1.000000
       447.000000       -0.004624        1.000000
       448.000000       -0.004487        1.000000
       449.000000       -0.004469        1.000000
       450.000000       -0.004366        1.000000
       451.000000       -0.004363        1.000000
       452.000000       -0.004354        1.000000
       453.000000       -0.004353        1.000000
       454.000000       -0.004342        1.000000
       455.000000       -0.004342        1.000000
       456.000000       -0.004292        1.000000
       457.000000       -0.004245        1.000000
       458.000000       -0.004243        1.000000
       459.000000       -0.004223        1.000000
       460.000000       -0.004223        1.000000
       461.000000       -0.004203        1.000000
       462.000000       -0.004202        1.000000
       463.000000       -0.004190        1.000000
       464.000000       -0.004186        1.000000
       465.000000       -0.004152        1.000000
       466.000000       -0.004151        1.000000
       467.000000       -0.004116        1.000000
       468.000000       -0.004116        1.000000
       469.000000       -0.004113        1.000000
       470.000000       -0.004111        1.000000
       471.000000       -0.004098        1.000000
       472.000000       -0.004097        1.000000
       473.000000       -0.004095        1.000000
       474.000000       -0.004092        1.000000
       475.000000       -0.004091        1.000000
       476.000000       -0.004091        1.000000
       477.000000       -0.004071        1.000000
       478.000000       -0.004070        1.000000
       479.000000       -0.004057        1.000000
       480.000000       -0.004054        1.000000
       481.000000       -0.004042        1.000000
       482.000000       -0.004039        1.000000
       483.000000       -0.004008        1.000000
       484.000000       -0.004007        1.000000
       485.000000       -0.004005        1.000000
       486.000000       -0.004002        1.000000
       487.000000       -0.004001        1.000000
       488.000000       -0.003985        1.000000
       489.000000       -0.003981        1.000000
       490.000000       -0.003980        1.000000
       491.000000       -0.003979        1.000000
       492.000000       -0.003943        1.000000
       493.000000       -0.003939        1.000000
       494.000000       -0.003882        1.000000
       495.000000       -0.003852        1.000000
       496.000000       -0.003849        1.000000
       497.000000       -0.003848        1.000000
       498.000000       -0.003846        1.000000
       499.000000       -0.003831        1.000000
       500.000000       -0.003827        1.000000
