#            iprt         eigenv.           conv.
         1.000000       -1.740156        0.000000
         2.000000       -1.345655        1.000000
         3.000000       -1.345648        1.000000
         4.000000       -1.313925        0.000000
         5.000000       -0.623341        0.000000
         6.000000       -0.498814        1.000000
         7.000000       -0.498810        1.000000
         8.000000       -0.437498        0.000000
         9.000000       -0.412526        1.000000
        10.000000       -0.412525        1.000000
        11.000000       -0.402740        1.000000
        12.000000       -0.402734        1.000000
        13.000000       -0.338631        0.000000
        14.000000       -0.316672        1.000000
        15.000000       -0.316670        1.000000
        16.000000       -0.306941        1.000000
        17.000000       -0.306940        1.000000
        18.000000       -0.287814        1.000000
        19.000000       -0.287812        1.000000
        20.000000       -0.209361        0.000000
        21.000000       -0.191038        1.000000
        22.000000       -0.174989        1.000000
        23.000000       -0.174988        1.000000
        24.000000       -0.167323        1.000000
        25.000000       -0.167256        1.000000
        26.000000       -0.125968        0.000000
        27.000000       -0.116384        1.000000
        28.000000       -0.116383        1.000000
        29.000000       -0.108545        0.000000
        30.000000       -0.098717        1.000000
        31.000000       -0.098716        1.000000
        32.000000       -0.094356        1.000000
        33.000000       -0.094356        1.000000
        34.000000       -0.091956        1.000000
        35.000000       -0.091956        1.000000
        36.000000       -0.087950        1.000000
        37.000000       -0.087949        1.000000
        38.000000       -0.080421        0.000000
        39.000000       -0.078871        1.000000
        40.000000       -0.078870        1.000000
        41.000000       -0.076108        1.000000
        42.000000       -0.076107        1.000000
        43.000000       -0.073846        1.000000
        44.000000       -0.073845        1.000000
        45.000000       -0.068456        0.000000
        46.000000       -0.058475        0.000000
        47.000000       -0.055061        0.000000
        48.000000       -0.052972        1.000000
        49.000000       -0.052972        0.000000
        50.000000       -0.051139        1.000000
        51.000000       -0.051139        1.000000
        52.000000       -0.049027        1.000000
        53.000000       -0.048998        1.000000
        54.000000       -0.047552        1.000000
        55.000000       -0.047551        1.000000
        56.000000       -0.042770        1.000000
        57.000000       -0.042769        1.000000
        58.000000       -0.042647        1.000000
        59.000000       -0.042369        1.000000
        60.000000       -0.042369        1.000000
        61.000000       -0.041411        1.000000
        62.000000       -0.041410        1.000000
        63.000000       -0.039289        1.000000
        64.000000       -0.039183        1.000000
        65.000000       -0.039183        0.000000
        66.000000       -0.036021        1.000000
        67.000000       -0.036021        1.000000
        68.000000       -0.035091        1.000000
        69.000000       -0.035091        1.000000
        70.000000       -0.034181        1.000000
        71.000000       -0.034181        1.000000
        72.000000       -0.033102        1.000000
        73.000000       -0.033102        1.000000
        74.000000       -0.031804        0.000000
        75.000000       -0.030205        1.000000
        76.000000       -0.030205        1.000000
        77.000000       -0.028970        1.000000
        78.000000       -0.028767        1.000000
        79.000000       -0.028766        1.000000
        80.000000       -0.028041        1.000000
        81.000000       -0.028040        1.000000
        82.000000       -0.027810        1.000000
        83.000000       -0.027810        1.000000
        84.000000       -0.027477        0.000000
        85.000000       -0.025938        1.000000
        86.000000       -0.025938        1.000000
        87.000000       -0.024497        1.000000
        88.000000       -0.023555        1.000000
        89.000000       -0.023555        1.000000
        90.000000       -0.022504        1.000000
        91.000000       -0.022173        1.000000
        92.000000       -0.022173        1.000000
        93.000000       -0.022027        1.000000
        94.000000       -0.022027        1.000000
        95.000000       -0.021835        1.000000
        96.000000       -0.021834        1.000000
        97.000000       -0.021715        1.000000
        98.000000       -0.021715        1.000000
        99.000000       -0.021449        1.000000
       100.000000       -0.021448        1.000000
       101.000000       -0.020542        1.000000
       102.000000       -0.020536        1.000000
       103.000000       -0.020402        1.000000
       104.000000       -0.020392        1.000000
       105.000000       -0.019016        1.000000
       106.000000       -0.019011        1.000000
       107.000000       -0.019011        1.000000
       108.000000       -0.019011        1.000000
       109.000000       -0.019011        1.000000
       110.000000       -0.018546        1.000000
       111.000000       -0.018546        1.000000
       112.000000       -0.017587        1.000000
       113.000000       -0.017587        1.000000
       114.000000       -0.017576        1.000000
       115.000000       -0.016361        1.000000
       116.000000       -0.016361        1.000000
       117.000000       -0.016332        1.000000
       118.000000       -0.016135        1.000000
       119.000000       -0.016135        1.000000
       120.000000       -0.015924        1.000000
       121.000000       -0.015924        1.000000
       122.000000       -0.015722        1.000000
       123.000000       -0.015722        1.000000
       124.000000       -0.015515        1.000000
       125.000000       -0.015514        1.000000
       126.000000       -0.015319        1.000000
       127.000000       -0.015319        1.000000
       128.000000       -0.014193        1.000000
       129.000000       -0.014193        1.000000
       130.000000       -0.014182        1.000000
       131.000000       -0.013979        1.000000
       132.000000       -0.013979        1.000000
       133.000000       -0.013527        1.000000
       134.000000       -0.013184        1.000000
       135.000000       -0.013183        1.000000
       136.000000       -0.013142        1.000000
       137.000000       -0.013142        1.000000
       138.000000       -0.013012        1.000000
       139.000000       -0.013011        1.000000
       140.000000       -0.012884        1.000000
       141.000000       -0.012883        1.000000
       142.000000       -0.012883        1.000000
       143.000000       -0.012788        1.000000
       144.000000       -0.012788        1.000000
       145.000000       -0.012607        1.000000
       146.000000       -0.012607        1.000000
       147.000000       -0.012544        1.000000
       148.000000       -0.012544        1.000000
       149.000000       -0.012456        1.000000
       150.000000       -0.012456        0.000000
       151.000000       -0.011904        1.000000
       152.000000       -0.011684        1.000000
       153.000000       -0.011682        1.000000
       154.000000       -0.011244        1.000000
       155.000000       -0.011243        1.000000
       156.000000       -0.011183        1.000000
       157.000000       -0.011100        1.000000
       158.000000       -0.011100        1.000000
       159.000000       -0.010989        1.000000
       160.000000       -0.010989        1.000000
       161.000000       -0.010973        1.000000
       162.000000       -0.010972        0.000000
       163.000000       -0.010507        1.000000
       164.000000       -0.010506        0.000000
       165.000000       -0.010392        1.000000
       166.000000       -0.010391        1.000000
       167.000000       -0.010150        1.000000
       168.000000       -0.009999        1.000000
       169.000000       -0.009997        1.000000
       170.000000       -0.009997        0.000000
       171.000000       -0.009987        0.000000
       172.000000       -0.009683        1.000000
       173.000000       -0.009682        1.000000
       174.000000       -0.009661        1.000000
       175.000000       -0.009658        1.000000
       176.000000       -0.009622        1.000000
       177.000000       -0.009621        0.000000
       178.000000       -0.009573        0.000000
       179.000000       -0.009438        0.000000
       180.000000       -0.009437        0.000000
       181.000000       -0.009051        1.000000
       182.000000       -0.009051        1.000000
       183.000000       -0.008926        0.000000
       184.000000       -0.008892        0.000000
       185.000000       -0.008890        0.000000
       186.000000       -0.008433        1.000000
       187.000000       -0.008432        1.000000
       188.000000       -0.008395        0.000000
       189.000000       -0.008390        0.000000
       190.000000       -0.008301        0.000000
       191.000000       -0.008298        0.000000
       192.000000       -0.008291        0.000000
       193.000000       -0.008189        0.000000
       194.000000       -0.008186        0.000000
       195.000000       -0.008100        0.000000
       196.000000       -0.008097        0.000000
       197.000000       -0.007996        0.000000
       198.000000       -0.007994        0.000000
       199.000000       -0.007978        0.000000
       200.000000       -0.007977        0.000000
       201.000000       -0.007965        0.000000
       202.000000       -0.007965        0.000000
       203.000000       -0.007904        0.000000
       204.000000       -0.007903        0.000000
       205.000000       -0.007764        0.000000
       206.000000       -0.007763        0.000000
       207.000000       -0.007760        0.000000
       208.000000       -0.007759        0.000000
       209.000000       -0.007593        0.000000
       210.000000       -0.007590        0.000000
       211.000000       -0.007435        0.000000
       212.000000       -0.007364        0.000000
       213.000000       -0.007362        0.000000
       214.000000       -0.007261        0.000000
       215.000000       -0.007177        0.000000
       216.000000       -0.007175        0.000000
       217.000000       -0.007071        0.000000
       218.000000       -0.007069        0.000000
       219.000000       -0.007044        0.000000
       220.000000       -0.007037        0.000000
       221.000000       -0.006936        0.000000
       222.000000       -0.006934        0.000000
       223.000000       -0.006922        0.000000
       224.000000       -0.006919        0.000000
       225.000000       -0.006918        0.000000
       226.000000       -0.006843        0.000000
       227.000000       -0.006839        0.000000
       228.000000       -0.006825        0.000000
       229.000000       -0.006824        0.000000
       230.000000       -0.006705        0.000000
       231.000000       -0.006702        0.000000
       232.000000       -0.006595        0.000000
       233.000000       -0.006522        0.000000
       234.000000       -0.006519        0.000000
       235.000000       -0.006428        0.000000
       236.000000       -0.006418        0.000000
       237.000000       -0.006330        0.000000
       238.000000       -0.006325        0.000000
       239.000000       -0.006313        0.000000
       240.000000       -0.006211        0.000000
       241.000000       -0.006206        0.000000
       242.000000       -0.006112        0.000000
       243.000000       -0.006111        0.000000
       244.000000       -0.006060        0.000000
       245.000000       -0.006055        0.000000
       246.000000       -0.006023        0.000000
       247.000000       -0.006018        0.000000
       248.000000       -0.006000        0.000000
       249.000000       -0.005992        0.000000
       250.000000       -0.005982        0.000000
       251.000000       -0.005722        0.000000
       252.000000       -0.005717        0.000000
       253.000000       -0.005713        0.000000
       254.000000       -0.005706        0.000000
       255.000000       -0.005662        0.000000
       256.000000       -0.005657        0.000000
       257.000000       -0.005529        0.000000
       258.000000       -0.005467        0.000000
       259.000000       -0.005466        0.000000
       260.000000       -0.005409        0.000000
       261.000000       -0.005400        0.000000
       262.000000       -0.005360        0.000000
       263.000000       -0.005356        0.000000
       264.000000       -0.005344        0.000000
       265.000000       -0.005337        0.000000
       266.000000       -0.005335        0.000000
       267.000000       -0.005331        0.000000
       268.000000       -0.005325        0.000000
       269.000000       -0.005318        0.000000
       270.000000       -0.005301        0.000000
       271.000000       -0.005221        0.000000
       272.000000       -0.005214        0.000000
       273.000000       -0.005132        0.000000
       274.000000       -0.005126        0.000000
       275.000000       -0.005113        0.000000
       276.000000       -0.005110        0.000000
       277.000000       -0.005108        0.000000
       278.000000       -0.005106        0.000000
       279.000000       -0.005047        0.000000
       280.000000       -0.005044        0.000000
       281.000000       -0.005033        0.000000
       282.000000       -0.005029        0.000000
       283.000000       -0.005020        0.000000
       284.000000       -0.004947        0.000000
       285.000000       -0.004939        0.000000
       286.000000       -0.004854        0.000000
       287.000000       -0.004842        0.000000
       288.000000       -0.004720        0.000000
       289.000000       -0.004715        0.000000
       290.000000       -0.004700        0.000000
       291.000000       -0.004691        0.000000
       292.000000       -0.004688        0.000000
       293.000000       -0.004637        0.000000
       294.000000       -0.004633        0.000000
       295.000000       -0.004627        0.000000
       296.000000       -0.004621        0.000000
       297.000000       -0.004578        0.000000
       298.000000       -0.004562        0.000000
       299.000000       -0.004546        0.000000
       300.000000       -0.004538        0.000000
       301.000000       -0.004535        0.000000
       302.000000       -0.004529        0.000000
       303.000000       -0.004523        0.000000
       304.000000       -0.004512        0.000000
       305.000000       -0.004448        0.000000
       306.000000       -0.004439        0.000000
       307.000000       -0.004434        0.000000
       308.000000       -0.004425        0.000000
       309.000000       -0.004419        0.000000
       310.000000       -0.004399        0.000000
       311.000000       -0.004382        0.000000
       312.000000       -0.004367        0.000000
       313.000000       -0.004360        0.000000
       314.000000       -0.004294        0.000000
       315.000000       -0.004270        0.000000
       316.000000       -0.004213        0.000000
       317.000000       -0.004191        0.000000
       318.000000       -0.004186        0.000000
       319.000000       -0.004150        0.000000
       320.000000       -0.004129        0.000000
       321.000000       -0.004115        0.000000
       322.000000       -0.004113        0.000000
       323.000000       -0.004105        0.000000
       324.000000       -0.004091        0.000000
       325.000000       -0.004082        0.000000
       326.000000       -0.004021        0.000000
       327.000000       -0.004011        0.000000
       328.000000       -0.004007        0.000000
       329.000000       -0.003988        0.000000
       330.000000       -0.003979        0.000000
       331.000000       -0.003957        0.000000
       332.000000       -0.003925        0.000000
       333.000000       -0.003906        0.000000
       334.000000       -0.003893        0.000000
       335.000000       -0.003890        0.000000
       336.000000       -0.003873        0.000000
       337.000000       -0.003808        0.000000
       338.000000       -0.003798        0.000000
       339.000000       -0.003750        0.000000
       340.000000       -0.003740        0.000000
       341.000000       -0.003734        0.000000
       342.000000       -0.003711        0.000000
       343.000000       -0.003705        0.000000
       344.000000       -0.003694        0.000000
       345.000000       -0.003678        0.000000
       346.000000       -0.003659        0.000000
       347.000000       -0.003650        0.000000
       348.000000       -0.003623        0.000000
       349.000000       -0.003613        0.000000
       350.000000       -0.003586        0.000000
       351.000000       -0.003560        0.000000
       352.000000       -0.003551        0.000000
       353.000000       -0.003517        0.000000
       354.000000       -0.003506        0.000000
       355.000000       -0.003500        0.000000
       356.000000       -0.003499        0.000000
       357.000000       -0.003479        0.000000
       358.000000       -0.003467        0.000000
       359.000000       -0.003459        0.000000
       360.000000       -0.003449        0.000000
       361.000000       -0.003434        0.000000
       362.000000       -0.003430        0.000000
       363.000000       -0.003422        0.000000
       364.000000       -0.003411        0.000000
       365.000000       -0.003396        0.000000
       366.000000       -0.003378        0.000000
       367.000000       -0.003375        0.000000
       368.000000       -0.003354        0.000000
       369.000000       -0.003351        0.000000
       370.000000       -0.003339        0.000000
       371.000000       -0.003307        0.000000
       372.000000       -0.003300        0.000000
       373.000000       -0.003295        0.000000
       374.000000       -0.003279        0.000000
       375.000000       -0.003269        0.000000
       376.000000       -0.003258        0.000000
       377.000000       -0.003246        0.000000
       378.000000       -0.003208        0.000000
       379.000000       -0.003174        0.000000
       380.000000       -0.003159        0.000000
       381.000000       -0.003148        0.000000
       382.000000       -0.003137        0.000000
       383.000000       -0.003126        0.000000
       384.000000       -0.003094        0.000000
       385.000000       -0.003087        0.000000
       386.000000       -0.003078        0.000000
       387.000000       -0.003075        0.000000
       388.000000       -0.003069        0.000000
       389.000000       -0.003064        0.000000
       390.000000       -0.003058        0.000000
       391.000000       -0.003044        0.000000
       392.000000       -0.003039        0.000000
       393.000000       -0.003034        0.000000
       394.000000       -0.003024        0.000000
       395.000000       -0.003019        0.000000
       396.000000       -0.003007        0.000000
       397.000000       -0.003003        0.000000
       398.000000       -0.002996        0.000000
       399.000000       -0.002990        0.000000
       400.000000       -0.002979        0.000000
       401.000000       -0.002965        0.000000
       402.000000       -0.002963        0.000000
       403.000000       -0.002954        0.000000
       404.000000       -0.002937        0.000000
       405.000000       -0.002922        0.000000
       406.000000       -0.002903        0.000000
       407.000000       -0.002901        0.000000
       408.000000       -0.002897        0.000000
       409.000000       -0.002876        0.000000
       410.000000       -0.002866        0.000000
       411.000000       -0.002858        0.000000
       412.000000       -0.002831        0.000000
       413.000000       -0.002820        0.000000
       414.000000       -0.002798        0.000000
       415.000000       -0.002762        0.000000
       416.000000       -0.002725        0.000000
       417.000000       -0.002719        0.000000
       418.000000       -0.002710        0.000000
       419.000000       -0.002699        0.000000
       420.000000       -0.002694        0.000000
       421.000000       -0.002690        0.000000
       422.000000       -0.002683        0.000000
       423.000000       -0.002674        0.000000
       424.000000       -0.002668        0.000000
       425.000000       -0.002660        0.000000
       426.000000       -0.002652        0.000000
       427.000000       -0.002646        0.000000
       428.000000       -0.002629        0.000000
       429.000000       -0.002603        0.000000
       430.000000       -0.002593        0.000000
       431.000000       -0.002565        0.000000
       432.000000       -0.002562        0.000000
       433.000000       -0.002546        0.000000
       434.000000       -0.002539        0.000000
       435.000000       -0.002536        0.000000
       436.000000       -0.002524        0.000000
       437.000000       -0.002518        0.000000
       438.000000       -0.002506        0.000000
       439.000000       -0.002498        0.000000
       440.000000       -0.002484        0.000000
       441.000000       -0.002465        0.000000
       442.000000       -0.002460        0.000000
       443.000000       -0.002447        0.000000
       444.000000       -0.002441        0.000000
       445.000000       -0.002438        0.000000
       446.000000       -0.002430        0.000000
       447.000000       -0.002420        0.000000
       448.000000       -0.002412        0.000000
       449.000000       -0.002400        0.000000
       450.000000       -0.002380        0.000000
       451.000000       -0.002376        0.000000
       452.000000       -0.002360        0.000000
       453.000000       -0.002356        0.000000
       454.000000       -0.002352        0.000000
       455.000000       -0.002345        0.000000
       456.000000       -0.002331        0.000000
       457.000000       -0.002324        0.000000
       458.000000       -0.002319        0.000000
       459.000000       -0.002314        0.000000
       460.000000       -0.002300        0.000000
       461.000000       -0.002291        0.000000
       462.000000       -0.002283        0.000000
       463.000000       -0.002277        0.000000
       464.000000       -0.002273        0.000000
       465.000000       -0.002263        0.000000
       466.000000       -0.002260        0.000000
       467.000000       -0.002252        0.000000
       468.000000       -0.002241        0.000000
       469.000000       -0.002237        0.000000
       470.000000       -0.002223        0.000000
       471.000000       -0.002220        0.000000
       472.000000       -0.002205        0.000000
       473.000000       -0.002196        0.000000
       474.000000       -0.002194        0.000000
       475.000000       -0.002177        0.000000
       476.000000       -0.002172        0.000000
       477.000000       -0.002163        0.000000
       478.000000       -0.002158        0.000000
       479.000000       -0.002144        0.000000
       480.000000       -0.002139        0.000000
       481.000000       -0.002121        0.000000
       482.000000       -0.002107        0.000000
       483.000000       -0.002100        0.000000
       484.000000       -0.002094        0.000000
       485.000000       -0.002090        0.000000
       486.000000       -0.002084        0.000000
       487.000000       -0.002073        0.000000
       488.000000       -0.002062        0.000000
       489.000000       -0.002059        0.000000
       490.000000       -0.002043        0.000000
       491.000000       -0.002034        0.000000
       492.000000       -0.002027        0.000000
       493.000000       -0.002021        0.000000
       494.000000       -0.002014        0.000000
       495.000000       -0.002009        0.000000
       496.000000       -0.002004        0.000000
       497.000000       -0.001996        0.000000
       498.000000       -0.001992        0.000000
       499.000000       -0.001987        0.000000
       500.000000       -0.001974        0.000000
