#            iprt         eigenv.           conv.
         1.000000       -2.246575        1.000000
         2.000000       -1.485602        1.000000
         3.000000       -1.414108        1.000000
         4.000000       -1.414106        1.000000
         5.000000       -1.299894        1.000000
         6.000000       -0.838276        1.000000
         7.000000       -0.838275        1.000000
         8.000000       -0.794080        1.000000
         9.000000       -0.650166        1.000000
        10.000000       -0.650133        1.000000
        11.000000       -0.526287        1.000000
        12.000000       -0.522783        1.000000
        13.000000       -0.522779        1.000000
        14.000000       -0.426205        1.000000
        15.000000       -0.422379        1.000000
        16.000000       -0.422369        1.000000
        17.000000       -0.406436        1.000000
        18.000000       -0.406424        1.000000
        19.000000       -0.398816        1.000000
        20.000000       -0.398814        1.000000
        21.000000       -0.386942        1.000000
        22.000000       -0.344324        1.000000
        23.000000       -0.344322        1.000000
        24.000000       -0.321216        1.000000
        25.000000       -0.315482        1.000000
        26.000000       -0.313483        1.000000
        27.000000       -0.289529        1.000000
        28.000000       -0.289528        1.000000
        29.000000       -0.273379        1.000000
        30.000000       -0.270078        1.000000
        31.000000       -0.270078        1.000000
        32.000000       -0.235368        1.000000
        33.000000       -0.215298        1.000000
        34.000000       -0.215286        1.000000
        35.000000       -0.205828        1.000000
        36.000000       -0.195741        1.000000
        37.000000       -0.184401        1.000000
        38.000000       -0.184324        1.000000
        39.000000       -0.171830        1.000000
        40.000000       -0.171819        1.000000
        41.000000       -0.168995        1.000000
        42.000000       -0.154270        1.000000
        43.000000       -0.154270        1.000000
        44.000000       -0.143004        1.000000
        45.000000       -0.136620        1.000000
        46.000000       -0.136619        1.000000
        47.000000       -0.117273        1.000000
        48.000000       -0.110157        1.000000
        49.000000       -0.110155        1.000000
        50.000000       -0.108000        1.000000
        51.000000       -0.104648        1.000000
        52.000000       -0.104648        1.000000
        53.000000       -0.098380        1.000000
        54.000000       -0.097341        1.000000
        55.000000       -0.096349        1.000000
        56.000000       -0.096349        1.000000
        57.000000       -0.095846        1.000000
        58.000000       -0.095846        1.000000
        59.000000       -0.090959        1.000000
        60.000000       -0.090959        1.000000
        61.000000       -0.090747        1.000000
        62.000000       -0.083385        1.000000
        63.000000       -0.083385        1.000000
        64.000000       -0.082105        1.000000
        65.000000       -0.079802        1.000000
        66.000000       -0.079801        1.000000
        67.000000       -0.078936        1.000000
        68.000000       -0.078690        1.000000
        69.000000       -0.075219        1.000000
        70.000000       -0.073243        1.000000
        71.000000       -0.073243        1.000000
        72.000000       -0.072928        1.000000
        73.000000       -0.068585        1.000000
        74.000000       -0.067507        1.000000
        75.000000       -0.067506        1.000000
        76.000000       -0.065604        1.000000
        77.000000       -0.064784        1.000000
        78.000000       -0.064458        1.000000
        79.000000       -0.064457        1.000000
        80.000000       -0.059778        1.000000
        81.000000       -0.056788        1.000000
        82.000000       -0.056788        1.000000
        83.000000       -0.056079        1.000000
        84.000000       -0.055993        1.000000
        85.000000       -0.055962        1.000000
        86.000000       -0.054127        1.000000
        87.000000       -0.054125        1.000000
        88.000000       -0.051659        1.000000
        89.000000       -0.049993        1.000000
        90.000000       -0.049985        1.000000
        91.000000       -0.046540        1.000000
        92.000000       -0.046368        1.000000
        93.000000       -0.046365        1.000000
        94.000000       -0.045468        1.000000
        95.000000       -0.044604        1.000000
        96.000000       -0.044603        1.000000
        97.000000       -0.044317        1.000000
        98.000000       -0.044206        1.000000
        99.000000       -0.044206        1.000000
       100.000000       -0.043138        1.000000
       101.000000       -0.043138        1.000000
       102.000000       -0.042841        1.000000
       103.000000       -0.042841        1.000000
       104.000000       -0.042462        1.000000
       105.000000       -0.041290        1.000000
       106.000000       -0.040905        1.000000
       107.000000       -0.040905        1.000000
       108.000000       -0.039782        1.000000
       109.000000       -0.039781        1.000000
       110.000000       -0.038017        1.000000
       111.000000       -0.038016        1.000000
       112.000000       -0.036985        1.000000
       113.000000       -0.036456        1.000000
       114.000000       -0.036265        1.000000
       115.000000       -0.036265        1.000000
       116.000000       -0.035513        1.000000
       117.000000       -0.035513        1.000000
       118.000000       -0.034643        1.000000
       119.000000       -0.034640        1.000000
       120.000000       -0.033603        1.000000
       121.000000       -0.033603        1.000000
       122.000000       -0.032931        1.000000
       123.000000       -0.032100        1.000000
       124.000000       -0.032100        1.000000
       125.000000       -0.031729        1.000000
       126.000000       -0.031267        1.000000
       127.000000       -0.031267        1.000000
       128.000000       -0.031039        1.000000
       129.000000       -0.030782        1.000000
       130.000000       -0.030782        1.000000
       131.000000       -0.029919        1.000000
       132.000000       -0.029603        1.000000
       133.000000       -0.029376        1.000000
       134.000000       -0.029376        1.000000
       135.000000       -0.029194        1.000000
       136.000000       -0.028550        1.000000
       137.000000       -0.028468        1.000000
       138.000000       -0.028467        1.000000
       139.000000       -0.027648        1.000000
       140.000000       -0.027107        1.000000
       141.000000       -0.027107        1.000000
       142.000000       -0.026952        1.000000
       143.000000       -0.026469        1.000000
       144.000000       -0.026243        1.000000
       145.000000       -0.026242        1.000000
       146.000000       -0.025352        1.000000
       147.000000       -0.025350        1.000000
       148.000000       -0.024725        1.000000
       149.000000       -0.024570        1.000000
       150.000000       -0.024074        1.000000
       151.000000       -0.024074        1.000000
       152.000000       -0.023822        1.000000
       153.000000       -0.023433        1.000000
       154.000000       -0.023427        1.000000
       155.000000       -0.023398        1.000000
       156.000000       -0.022776        1.000000
       157.000000       -0.022774        1.000000
       158.000000       -0.022541        1.000000
       159.000000       -0.022540        1.000000
       160.000000       -0.022400        1.000000
       161.000000       -0.022395        1.000000
       162.000000       -0.022032        1.000000
       163.000000       -0.022031        1.000000
       164.000000       -0.022000        1.000000
       165.000000       -0.021848        1.000000
       166.000000       -0.021847        1.000000
       167.000000       -0.021808        1.000000
       168.000000       -0.021459        1.000000
       169.000000       -0.021377        1.000000
       170.000000       -0.020966        1.000000
       171.000000       -0.020784        1.000000
       172.000000       -0.020780        1.000000
       173.000000       -0.020274        1.000000
       174.000000       -0.020273        1.000000
       175.000000       -0.019973        1.000000
       176.000000       -0.019972        1.000000
       177.000000       -0.019616        1.000000
       178.000000       -0.019616        1.000000
       179.000000       -0.019251        1.000000
       180.000000       -0.019251        1.000000
       181.000000       -0.019210        1.000000
       182.000000       -0.019210        1.000000
       183.000000       -0.019017        1.000000
       184.000000       -0.018950        1.000000
       185.000000       -0.018950        1.000000
       186.000000       -0.018675        1.000000
       187.000000       -0.018438        1.000000
       188.000000       -0.018359        1.000000
       189.000000       -0.018358        1.000000
       190.000000       -0.017917        1.000000
       191.000000       -0.017916        1.000000
       192.000000       -0.017553        1.000000
       193.000000       -0.017319        1.000000
       194.000000       -0.017262        1.000000
       195.000000       -0.017262        1.000000
       196.000000       -0.017083        1.000000
       197.000000       -0.016909        1.000000
       198.000000       -0.016873        1.000000
       199.000000       -0.016873        1.000000
       200.000000       -0.016730        1.000000
       201.000000       -0.016730        1.000000
       202.000000       -0.016466        1.000000
       203.000000       -0.016466        1.000000
       204.000000       -0.016144        1.000000
       205.000000       -0.016132        1.000000
       206.000000       -0.016132        1.000000
       207.000000       -0.015902        1.000000
       208.000000       -0.015902        1.000000
       209.000000       -0.015751        1.000000
       210.000000       -0.015688        1.000000
       211.000000       -0.015688        1.000000
       212.000000       -0.015451        1.000000
       213.000000       -0.015251        1.000000
       214.000000       -0.015236        1.000000
       215.000000       -0.015236        1.000000
       216.000000       -0.015010        1.000000
       217.000000       -0.014818        1.000000
       218.000000       -0.014818        1.000000
       219.000000       -0.014349        1.000000
       220.000000       -0.014349        1.000000
       221.000000       -0.014240        1.000000
       222.000000       -0.014239        1.000000
       223.000000       -0.014023        1.000000
       224.000000       -0.014022        1.000000
       225.000000       -0.013933        1.000000
       226.000000       -0.013727        1.000000
       227.000000       -0.013726        1.000000
       228.000000       -0.013669        1.000000
       229.000000       -0.013669        1.000000
       230.000000       -0.013669        1.000000
       231.000000       -0.013491        1.000000
       232.000000       -0.013451        1.000000
       233.000000       -0.013450        1.000000
       234.000000       -0.013270        1.000000
       235.000000       -0.013123        1.000000
       236.000000       -0.013020        1.000000
       237.000000       -0.013006        1.000000
       238.000000       -0.013006        1.000000
       239.000000       -0.012983        1.000000
       240.000000       -0.012983        1.000000
       241.000000       -0.012814        1.000000
       242.000000       -0.012814        1.000000
       243.000000       -0.012802        1.000000
       244.000000       -0.012766        1.000000
       245.000000       -0.012692        1.000000
       246.000000       -0.012506        1.000000
       247.000000       -0.012506        1.000000
       248.000000       -0.012406        1.000000
       249.000000       -0.012356        1.000000
       250.000000       -0.012351        1.000000
       251.000000       -0.012351        1.000000
       252.000000       -0.012213        1.000000
       253.000000       -0.012213        1.000000
       254.000000       -0.012023        1.000000
       255.000000       -0.012021        1.000000
       256.000000       -0.011999        1.000000
       257.000000       -0.011884        1.000000
       258.000000       -0.011849        1.000000
       259.000000       -0.011725        1.000000
       260.000000       -0.011723        1.000000
       261.000000       -0.011670        1.000000
       262.000000       -0.011553        1.000000
       263.000000       -0.011523        1.000000
       264.000000       -0.011478        1.000000
       265.000000       -0.011439        1.000000
       266.000000       -0.011439        1.000000
       267.000000       -0.011233        1.000000
       268.000000       -0.011207        1.000000
       269.000000       -0.011206        1.000000
       270.000000       -0.011128        1.000000
       271.000000       -0.011128        1.000000
       272.000000       -0.011001        1.000000
       273.000000       -0.011000        1.000000
       274.000000       -0.010803        1.000000
       275.000000       -0.010718        1.000000
       276.000000       -0.010717        1.000000
       277.000000       -0.010654        1.000000
       278.000000       -0.010653        1.000000
       279.000000       -0.010619        1.000000
       280.000000       -0.010441        1.000000
       281.000000       -0.010400        1.000000
       282.000000       -0.010400        1.000000
       283.000000       -0.010383        1.000000
       284.000000       -0.010263        1.000000
       285.000000       -0.010263        1.000000
       286.000000       -0.010124        1.000000
       287.000000       -0.010091        1.000000
       288.000000       -0.010090        1.000000
       289.000000       -0.009932        1.000000
       290.000000       -0.009931        1.000000
       291.000000       -0.009844        1.000000
       292.000000       -0.009837        1.000000
       293.000000       -0.009836        1.000000
       294.000000       -0.009819        1.000000
       295.000000       -0.009818        1.000000
       296.000000       -0.009802        1.000000
       297.000000       -0.009745        1.000000
       298.000000       -0.009663        1.000000
       299.000000       -0.009662        1.000000
       300.000000       -0.009644        1.000000
       301.000000       -0.009507        1.000000
       302.000000       -0.009507        1.000000
       303.000000       -0.009409        1.000000
       304.000000       -0.009409        1.000000
       305.000000       -0.009344        1.000000
       306.000000       -0.009344        1.000000
       307.000000       -0.009279        1.000000
       308.000000       -0.009223        1.000000
       309.000000       -0.009201        1.000000
       310.000000       -0.009201        1.000000
       311.000000       -0.009118        1.000000
       312.000000       -0.008881        1.000000
       313.000000       -0.008881        1.000000
       314.000000       -0.008852        1.000000
       315.000000       -0.008841        1.000000
       316.000000       -0.008841        1.000000
       317.000000       -0.008796        1.000000
       318.000000       -0.008796        1.000000
       319.000000       -0.008775        1.000000
       320.000000       -0.008703        1.000000
       321.000000       -0.008678        1.000000
       322.000000       -0.008678        1.000000
       323.000000       -0.008550        1.000000
       324.000000       -0.008550        1.000000
       325.000000       -0.008469        1.000000
       326.000000       -0.008469        1.000000
       327.000000       -0.008401        1.000000
       328.000000       -0.008351        1.000000
       329.000000       -0.008351        1.000000
       330.000000       -0.008236        1.000000
       331.000000       -0.008224        1.000000
       332.000000       -0.008223        1.000000
       333.000000       -0.008192        1.000000
       334.000000       -0.008156        1.000000
       335.000000       -0.008156        1.000000
       336.000000       -0.008089        1.000000
       337.000000       -0.008043        1.000000
       338.000000       -0.008035        1.000000
       339.000000       -0.008034        1.000000
       340.000000       -0.008002        1.000000
       341.000000       -0.007974        1.000000
       342.000000       -0.007973        1.000000
       343.000000       -0.007954        1.000000
       344.000000       -0.007908        1.000000
       345.000000       -0.007908        1.000000
       346.000000       -0.007895        1.000000
       347.000000       -0.007886        1.000000
       348.000000       -0.007885        1.000000
       349.000000       -0.007838        1.000000
       350.000000       -0.007837        1.000000
       351.000000       -0.007832        1.000000
       352.000000       -0.007819        1.000000
       353.000000       -0.007819        1.000000
       354.000000       -0.007618        1.000000
       355.000000       -0.007617        1.000000
       356.000000       -0.007561        1.000000
       357.000000       -0.007561        1.000000
       358.000000       -0.007543        1.000000
       359.000000       -0.007403        1.000000
       360.000000       -0.007376        1.000000
       361.000000       -0.007353        1.000000
       362.000000       -0.007353        1.000000
       363.000000       -0.007327        1.000000
       364.000000       -0.007261        1.000000
       365.000000       -0.007248        1.000000
       366.000000       -0.007247        1.000000
       367.000000       -0.007226        1.000000
       368.000000       -0.007213        1.000000
       369.000000       -0.007211        1.000000
       370.000000       -0.007161        1.000000
       371.000000       -0.007151        1.000000
       372.000000       -0.007150        1.000000
       373.000000       -0.007112        1.000000
       374.000000       -0.007055        1.000000
       375.000000       -0.007053        1.000000
       376.000000       -0.007034        1.000000
       377.000000       -0.007001        1.000000
       378.000000       -0.006954        1.000000
       379.000000       -0.006953        1.000000
       380.000000       -0.006935        1.000000
       381.000000       -0.006934        1.000000
       382.000000       -0.006865        1.000000
       383.000000       -0.006848        1.000000
       384.000000       -0.006844        1.000000
       385.000000       -0.006843        1.000000
       386.000000       -0.006815        1.000000
       387.000000       -0.006813        1.000000
       388.000000       -0.006751        1.000000
       389.000000       -0.006734        1.000000
       390.000000       -0.006652        1.000000
       391.000000       -0.006651        1.000000
       392.000000       -0.006590        1.000000
       393.000000       -0.006587        1.000000
       394.000000       -0.006585        1.000000
       395.000000       -0.006512        1.000000
       396.000000       -0.006470        1.000000
       397.000000       -0.006469        1.000000
       398.000000       -0.006461        1.000000
       399.000000       -0.006458        1.000000
       400.000000       -0.006455        1.000000
       401.000000       -0.006444        1.000000
       402.000000       -0.006442        1.000000
       403.000000       -0.006441        1.000000
       404.000000       -0.006419        1.000000
       405.000000       -0.006366        1.000000
       406.000000       -0.006343        1.000000
       407.000000       -0.006329        1.000000
       408.000000       -0.006287        1.000000
       409.000000       -0.006286        1.000000
       410.000000       -0.006264        1.000000
       411.000000       -0.006262        1.000000
       412.000000       -0.006186        1.000000
       413.000000       -0.006155        1.000000
       414.000000       -0.006154        1.000000
       415.000000       -0.006104        1.000000
       416.000000       -0.006084        1.000000
       417.000000       -0.006072        1.000000
       418.000000       -0.006070        1.000000
       419.000000       -0.006056        1.000000
       420.000000       -0.006014        1.000000
       421.000000       -0.006013        1.000000
       422.000000       -0.005933        1.000000
       423.000000       -0.005931        1.000000
       424.000000       -0.005924        1.000000
       425.000000       -0.005884        1.000000
       426.000000       -0.005877        1.000000
       427.000000       -0.005876        1.000000
       428.000000       -0.005837        1.000000
       429.000000       -0.005835        1.000000
       430.000000       -0.005825        1.000000
       431.000000       -0.005789        1.000000
       432.000000       -0.005786        1.000000
       433.000000       -0.005785        1.000000
       434.000000       -0.005718        1.000000
       435.000000       -0.005693        1.000000
       436.000000       -0.005673        1.000000
       437.000000       -0.005634        1.000000
       438.000000       -0.005630        1.000000
       439.000000       -0.005624        1.000000
       440.000000       -0.005622        1.000000
       441.000000       -0.005619        1.000000
       442.000000       -0.005585        1.000000
       443.000000       -0.005583        1.000000
       444.000000       -0.005492        1.000000
       445.000000       -0.005489        1.000000
       446.000000       -0.005471        1.000000
       447.000000       -0.005470        1.000000
       448.000000       -0.005448        1.000000
       449.000000       -0.005445        1.000000
       450.000000       -0.005405        1.000000
       451.000000       -0.005383        1.000000
       452.000000       -0.005382        1.000000
       453.000000       -0.005372        1.000000
       454.000000       -0.005370        1.000000
       455.000000       -0.005364        1.000000
       456.000000       -0.005363        1.000000
       457.000000       -0.005340        1.000000
       458.000000       -0.005261        1.000000
       459.000000       -0.005253        1.000000
       460.000000       -0.005251        1.000000
       461.000000       -0.005238        1.000000
       462.000000       -0.005236        1.000000
       463.000000       -0.005223        1.000000
       464.000000       -0.005218        1.000000
       465.000000       -0.005217        1.000000
       466.000000       -0.005212        1.000000
       467.000000       -0.005175        1.000000
       468.000000       -0.005172        1.000000
       469.000000       -0.005156        1.000000
       470.000000       -0.005137        1.000000
       471.000000       -0.005135        1.000000
       472.000000       -0.005126        1.000000
       473.000000       -0.005111        1.000000
       474.000000       -0.005104        1.000000
       475.000000       -0.005075        1.000000
       476.000000       -0.005069        1.000000
       477.000000       -0.005049        1.000000
       478.000000       -0.005025        1.000000
       479.000000       -0.005016        1.000000
       480.000000       -0.005007        1.000000
       481.000000       -0.005000        1.000000
       482.000000       -0.004994        1.000000
       483.000000       -0.004975        1.000000
       484.000000       -0.004974        1.000000
       485.000000       -0.004945        1.000000
       486.000000       -0.004945        1.000000
       487.000000       -0.004938        1.000000
       488.000000       -0.004924        1.000000
       489.000000       -0.004888        1.000000
       490.000000       -0.004878        1.000000
       491.000000       -0.004875        1.000000
       492.000000       -0.004874        1.000000
       493.000000       -0.004781        1.000000
       494.000000       -0.004768        1.000000
       495.000000       -0.004766        1.000000
       496.000000       -0.004762        1.000000
       497.000000       -0.004758        1.000000
       498.000000       -0.004757        1.000000
       499.000000       -0.004752        1.000000
       500.000000       -0.004746        1.000000
