5.5  54.7444
5.51  54.9523
5.52  55.1754
5.53  55.4164
5.54  55.6774
5.55  55.9601
5.56  56.2651
5.57  56.5924
5.58  56.9407
5.59  57.3078
5.6  57.6902
5.61  58.0838
5.62  58.4832
5.63  58.8827
5.64  59.2763
5.65  59.6579
5.66  60.0218
5.67  60.3635
5.68  60.6794
5.69  60.968
5.7  61.2296
5.71  61.467
5.72  61.6852
5.73  61.8917
5.74  62.0962
5.75  62.3101
5.76  62.5462
5.77  62.8179
5.78  63.1384
5.79  63.52
5.8  63.9732
5.81  64.506
5.82  65.1228
5.83  65.8242
5.84  66.6067
5.85  67.4621
5.86  68.3777
5.87  69.3369
5.88  70.3193
5.89  71.3021
5.9  72.26
5.91  73.1674
5.92  73.9986
5.93  74.7292
5.94  75.3371
5.95  75.8033
5.96  76.1127
5.97  76.2543
5.98  76.2217
5.99  76.013
6  75.6306
6.01  75.0806
6.02  74.3726
6.03  73.5188
6.04  72.5334
6.05  71.4319
6.06  70.2302
6.07  68.9443
6.08  67.5897
6.09  66.1808
6.1  64.7309
6.11  63.2516
6.12  61.7534
6.13  60.2448
6.14  58.733
6.15  57.2238
6.16  55.7214
6.17  54.229
6.18  52.7485
6.19  51.2811
6.2  49.8268
6.21  48.3852
6.22  46.9552
6.23  45.5354
6.24  44.1242
6.25  42.7203
6.26  41.3225
6.27  39.9302
6.28  38.5435
6.29  37.1633
6.3  35.7915
6.31  34.431
6.32  33.0856
6.33  31.7601
6.34  30.4598
6.35  29.1905
6.36  27.9581
6.37  26.7687
6.38  25.6275
6.39  24.5392
6.4  23.5078
6.41  22.5358
6.42  21.6247
6.43  20.7749
6.44  19.9853
6.45  19.254
6.46  18.5783
6.47  17.9549
6.48  17.3799
6.49  16.8496
6.5  16.3604
6.51  15.9089
6.52  15.4923
6.53  15.1083
6.54  14.7553
6.55  14.4321
6.56  14.138
6.57  13.8726
6.58  13.6356
6.59  13.4266
6.6  13.2451
6.61  13.0902
6.62  12.9606
6.63  12.8544
6.64  12.7694
6.65  12.7029
6.66  12.652
6.67  12.6134
6.68  12.584
6.69  12.5607
6.7  12.5407
6.71  12.5214
6.72  12.5008
6.73  12.477
6.74  12.4488
6.75  12.4147
6.76  12.3738
6.77  12.3247
6.78  12.2661
6.79  12.1961
6.8  12.1128
6.81  12.0133
6.82  11.8949
6.83  11.7542
6.84  11.5881
6.85  11.3936
6.86  11.1682
6.87  10.91
6.88  10.6183
6.89  10.2937
6.9  9.93809
6.91  9.55495
6.92  9.14911
6.93  8.72669
6.94  8.29489
6.95  7.8616
6.96  7.43504
6.97  7.02336
6.98  6.63415
6.99  6.27407
7  5.94849
7.01  5.66121
7.02  5.41423
7.03  5.20774
7.04  5.04008
7.05  4.90788
7.06  4.80633
7.07  4.72942
7.08  4.67037
7.09  4.62197
7.1  4.577
7.11  4.52866
7.12  4.47088
7.13  4.39862
7.14  4.30815
7.15  4.19713
7.16  4.06472
7.17  3.91158
7.18  3.73973
7.19  3.55243
7.2  3.35401
7.21  3.14954
7.22  2.94466
7.23  2.74527
7.24  2.55726
7.25  2.38629
7.26  2.23754
7.27  2.11554
7.28  2.02401
7.29  1.96571
7.3  1.94239
7.31  1.95468
7.32  2.00209
7.33  2.08303
7.34  2.19481
7.35  2.33373
7.36  2.49517
7.37  2.67374
7.38  2.86339
7.39  3.05769
7.4  3.24995
7.41  3.43353
7.42  3.60207
7.43  3.74971
7.44  3.87139
7.45  3.96301
7.46  4.02163
7.47  4.04564
7.48  4.0348
7.49  3.99032
7.5  3.91477
7.51  3.81202
7.52  3.68708
7.53  3.54592
7.54  3.39521
7.55  3.24208
7.56  3.09384
7.57  2.95774
7.58  2.84067
7.59  2.74895
7.6  2.68815
7.61  2.66287
7.62  2.67672
7.63  2.73214
7.64  2.83044
7.65  2.97181
7.66  3.15533
7.67  3.37911
7.68  3.64038
7.69  3.9356
7.7  4.26067
7.71  4.61102
7.72  4.98176
7.73  5.36784
7.74  5.76414
7.75  6.16556
7.76  6.56709
7.77  6.96383
7.78  7.35104
7.79  7.7241
7.8  8.07854
7.81  8.41005
7.82  8.71442
7.83  8.98766
7.84  9.22601
7.85  9.42603
7.86  9.58472
7.87  9.69965
7.88  9.76912
7.89  9.79232
7.9  9.76944
7.91  9.70177
7.92  9.59179
7.93  9.44317
7.94  9.26068
7.95  9.0501
7.96  8.81801
7.97  8.57158
7.98  8.31829
7.99  8.06563
8  7.82084
8.01  7.59065
8.02  7.38105
8.03  7.19714
8.04  7.04307
8.05  6.922
8.06  6.83615
8.07  6.7869
8.08  6.77496
8.09  6.80052
8.1  6.86339
8.11  6.96321
8.12  7.09948
8.13  7.27167
8.14  7.47919
8.15  7.72135
8.16  7.99724
8.17  8.3056
8.18  8.64466
8.19  9.01199
8.2  9.40436
8.21  9.81769
8.22  10.247
8.23  10.6866
8.24  11.1299
8.25  11.5702
8.26  12.0003
8.27  12.4132
8.28  12.8027
8.29  13.163
8.3  13.4897
8.31  13.7799
8.32  14.032
8.33  14.2463
8.34  14.4247
8.35  14.5707
8.36  14.6892
8.37  14.786
8.38  14.868
8.39  14.9421
8.4  15.0154
8.41  15.0946
8.42  15.1856
8.43  15.2932
8.44  15.4211
8.45  15.5715
8.46  15.7453
8.47  15.9418
8.48  16.1591
8.49  16.3941
8.5  16.6426
8.51  16.8998
8.52  17.1605
8.53  17.4191
8.54  17.6702
8.55  17.9087
8.56  18.13
8.57  18.33
8.58  18.5058
8.59  18.6552
8.6  18.7771
8.61  18.8714
8.62  18.9391
8.63  18.982
8.64  19.0029
8.65  19.0054
8.66  18.9936
8.67  18.972
8.68  18.9455
8.69  18.919
8.7  18.8975
8.71  18.8855
8.72  18.8871
8.73  18.906
8.74  18.945
8.75  19.0065
8.76  19.0915
8.77  19.2007
8.78  19.3336
8.79  19.489
8.8  19.6648
8.81  19.8583
8.82  20.0662
8.83  20.2846
8.84  20.5093
8.85  20.736
8.86  20.9603
8.87  21.178
8.88  21.3851
8.89  21.5782
8.9  21.7544
8.91  21.9119
8.92  22.0495
8.93  22.167
8.94  22.2654
8.95  22.3468
8.96  22.4142
8.97  22.4715
8.98  22.5236
8.99  22.5758
9  22.634
9.01  22.7042
9.02  22.792
9.03  22.9028
9.04  23.0412
9.05  23.2106
9.06  23.4135
9.07  23.6505
9.08  23.921
9.09  24.2228
9.1  24.5519
9.11  24.9032
9.12  25.2703
9.13  25.6458
9.14  26.0219
9.15  26.3905
9.16  26.7436
9.17  27.0739
9.18  27.3751
9.19  27.6419
9.2  27.8707
9.21  28.0596
9.22  28.2084
9.23  28.3186
9.24  28.3936
9.25  28.4385
9.26  28.4595
9.27  28.4642
9.28  28.4609
9.29  28.4586
9.3  28.4663
9.31  28.4931
9.32  28.5477
9.33  28.6379
9.34  28.771
9.35  28.9529
9.36  29.1882
9.37  29.48
9.38  29.8299
9.39  30.2376
9.4  30.701
9.41  31.2161
9.42  31.7769
9.43  32.3757
9.44  33.0029
9.45  33.6473
9.46  34.2966
9.47  34.9371
9.48  35.5551
9.49  36.1364
9.5  36.6677
9.51  37.1367
9.52  37.5328
9.53  37.8479
9.54  38.0764
9.55  38.2162
9.56  38.2686
9.57  38.2385
9.58  38.1342
9.59  37.9674
9.6  37.7525
9.61  37.5061
9.62  37.2468
9.63  36.9933
9.64  36.7649
9.65  36.5797
9.66  36.4541
9.67  36.4024
9.68  36.4356
9.69  36.5617
9.7  36.7847
9.71  37.1053
9.72  37.52
9.73  38.0222
9.74  38.6021
9.75  39.2473
9.76  39.9435
9.77  40.675
9.78  41.4253
9.79  42.1781
9.8  42.9175
9.81  43.6287
9.82  44.2986
9.83  44.916
9.84  45.4718
9.85  45.9592
9.86  46.3739
9.87  46.7136
9.88  46.9781
9.89  47.1689
9.9  47.2891
9.91  47.3429
9.92  47.3354
9.93  47.2721
9.94  47.159
9.95  47.0018
9.96  46.8064
9.97  46.5781
9.98  46.3219
9.99  46.0424
10  45.7439
10.01  45.4302
10.02  45.1048
10.03  44.7711
10.04  44.4322
10.05  44.0915
10.06  43.7522
10.07  43.4177
10.08  43.092
10.09  42.7791
10.1  42.4836
10.11  42.2103
10.12  41.9648
10.13  41.7526
10.14  41.5797
10.15  41.4523
10.16  41.3763
10.17  41.3572
10.18  41.4
10.19  41.5089
10.2  41.6865
10.21  41.934
10.22  42.2508
10.23  42.6343
10.24  43.0794
10.25  43.5794
10.26  44.1249
10.27  44.7051
10.28  45.3074
10.29  45.9181
10.3  46.523
10.31  47.1079
10.32  47.6591
10.33  48.1644
10.34  48.6131
10.35  48.997
10.36  49.3107
10.37  49.5518
10.38  49.7211
10.39  49.8226
10.4  49.8633
10.41  49.853
10.42  49.8039
10.43  49.7299
10.44  49.6462
10.45  49.5686
10.46  49.5126
10.47  49.4928
10.48  49.5226
10.49  49.6132
10.5  49.7732
10.51  50.0084
10.52  50.3214
10.53  50.7114
10.54  51.1746
10.55  51.7041
10.56  52.2899
10.57  52.9202
10.58  53.5811
10.59  54.2575
10.6  54.9339
10.61  55.595
10.62  56.2262
10.63  56.8143
10.64  57.3483
10.65  57.8194
10.66  58.2217
10.67  58.5522
10.68  58.8108
10.69  59.0002
10.7  59.1257
10.71  59.1949
10.72  59.217
10.73  59.2024
10.74  59.1621
10.75  59.107
10.76  59.0475
10.77  58.9926
10.78  58.9498
10.79  58.9245
10.8  58.9199
10.81  58.9369
10.82  58.9739
10.83  59.027
10.84  59.0904
10.85  59.1567
10.86  59.2173
10.87  59.2625
10.88  59.2828
10.89  59.2687
10.9  59.2113
10.91  59.103
10.92  58.9376
10.93  58.7107
10.94  58.4198
10.95  58.0645
10.96  57.6465
10.97  57.1693
10.98  56.6385
10.99  56.0613
11  55.4464
