homo
0  6.87
0.0373338  6.88
0.0746677  6.88
0.112002  6.88
0.149335  6.88
0.186669  6.89
0.224003  6.89
0.261337  6.89
0.298671  6.9
0.336005  6.9
0.373338  6.9
0.410672  6.91
0.448006  6.91
0.48534  6.92
0.522674  6.92
0.560008  6.92
0.597342  6.93
0.634675  6.93
0.672009  6.93
0.709343  6.94
0.746677  6.94
0.784011  6.94
0.821345  6.94
0.858678  6.95
0.896012  6.95
0.933346  6.95
0.97068  6.95
1.00801  6.96
1.04535  6.96
1.08268  6.96
1.12002  6.96
1.15735  6.96
1.19468  6.97
1.23202  6.97
1.26935  6.97
1.30668  6.97
1.34402  6.97
1.38135  6.97
1.41869  6.97
1.45602  6.97
1.49335  6.97
1.53069  6.97
1.56802  6.98
1.60536  6.98
1.64269  6.98
1.68002  6.98
1.71736  6.98
1.75469  6.98
1.79202  6.98
1.82936  6.98
1.86669  6.98
1.90403  6.98
1.94136  6.98
1.97869  6.98
2.01603  6.98
2.05336  6.98
2.0907  6.98
2.12803  6.98
2.16536  6.97
2.2027  6.97
2.24003  6.97
2.27736  6.97
2.3147  6.97
2.35203  6.97
2.38937  6.97
2.4267  6.97
2.46403  6.97
2.50137  6.97
2.5387  6.97
2.57604  6.97
2.61337  6.97
2.6507  6.97
2.68804  6.97
2.72537  6.97
2.7627  6.97
2.80004  6.97
2.83737  6.97
2.87471  6.96
2.91204  6.96
2.94937  6.96
2.98671  6.96
3.02404  6.96
3.06138  6.96
3.09871  6.96
3.13604  6.96
3.17338  6.96
3.21071  6.96
3.24804  6.96
3.28538  6.96
3.32271  6.96
3.36005  6.96
3.39738  6.96
3.43471  6.96
3.47205  6.96
3.50938  6.96
3.54672  6.96
3.58405  6.96
3.62138  6.96
3.65872  6.96
3.69605  6.96
3.73338  6.96
3.77072  6.96
3.80805  6.96
3.84539  6.96
3.88272  6.96
3.92005  6.96
3.95739  6.96
3.99472  6.96
4.03206  6.96
4.06939  6.96
4.10672  6.96
4.14406  6.96
4.18139  6.97
4.21872  6.97
4.25606  6.97
4.29339  6.97
4.33073  6.97
4.36806  6.97
4.40539  6.97
4.44273  6.98
4.48006  6.98
4.5174  6.98
4.55473  6.98
4.59206  6.99
4.6294  6.99
4.66673  6.99
4.70406  7
4.7414  7
4.77873  7
4.81607  7.01
4.8534  7.01
4.89073  7.02
4.92807  7.02
4.9654  7.02
5.00274  7.03
5.04007  7.03
5.0774  7.04
5.11474  7.04
5.15207  7.04
5.1894  7.05
5.22674  7.05
5.26407  7.06
5.30141  7.06
5.33874  7.06
5.37607  7.06
5.41341  7.07
5.45074  7.07
5.48808  7.07
5.52541  7.07
5.56274  7.07
5.60008  7.08
5.63741  7.08
5.67474  7.08
5.71208  7.08
5.74941  7.08
5.78675  7.08
5.82408  7.08
5.86141  7.08
5.89875  7.08
5.93608  7.08
5.97342  7.08
6.01075  7.08
6.04808  7.08
6.08542  7.08
6.12275  7.08
6.16008  7.08
6.19742  7.08
6.23475  7.08
6.27209  7.07
6.30942  7.07
6.34675  7.07
6.38409  7.07
6.42142  7.07
6.45876  7.07
6.49609  7.07
6.53342  7.07
6.57076  7.06
6.60809  7.06
6.64542  7.06
6.68276  7.06
6.72009  7.06
6.75743  7.06
6.79476  7.06
6.83209  7.05
6.86943  7.05
6.90676  7.05
6.9441  7.05
6.98143  7.05
7.01876  7.05
7.0561  7.04
7.09343  7.04
7.13076  7.04
7.1681  7.04
7.20543  7.04
7.24277  7.03
7.2801  7.03
7.31743  7.03
7.35477  7.03
7.3921  7.03
7.42944  7.02
7.46677  7.02
7.5041  7.02
7.54144  7.02
7.57877  7.01
7.6161  7.01
7.65344  7.01
7.69077  7.01
7.72811  7.01
7.76544  7
7.80277  7
7.84011  7
7.87744  7
7.91478  7
7.95211  6.99
7.98944  6.99
8.02678  6.99
8.06411  6.99
8.10144  6.99
8.13878  6.99
8.17611  6.99
8.21345  6.99
8.25078  6.99
8.28811  6.99
8.32545  6.99
8.36278  6.99
8.40012  6.99
8.43745  6.99
8.47478  6.99
8.51212  6.99
8.54945  6.99
8.58678  6.99
8.62412  6.99
8.66145  6.99
8.69879  6.99
8.73612  6.99
8.77345  6.99
8.81079  6.99
8.84812  6.99
8.88546  6.99
8.92279  6.99
8.96012  6.99
8.99746  6.99
9.03479  6.99
9.07212  6.99
9.10946  6.99
9.14679  6.99
9.18413  7
9.22146  7
9.25879  7
9.29613  7
9.33346  7
9.3708  7
9.40813  7
9.44546  7.01
9.4828  7.01
9.52013  7.01
9.55746  7.01
9.5948  7.02
9.63213  7.02
9.66947  7.02
9.7068  7.02
9.74413  7.03
9.78147  7.03
9.8188  7.04
9.85614  7.04
9.89347  7.05
9.9308  7.05
9.96814  7.06
10.0055  7.06
10.0428  7.07
10.0801  7.07
10.1175  7.08
10.1548  7.08
10.1921  7.09
10.2295  7.09
10.2668  7.09
10.3041  7.1
10.3415  7.1
10.3788  7.11
10.4161  7.11
10.4535  7.11
10.4908  7.12
10.5281  7.12
10.5655  7.12
10.6028  7.12
10.6401  7.13
10.6775  7.13
10.7148  7.13
10.7521  7.13
10.7895  7.13
10.8268  7.14
10.8641  7.14
10.9015  7.14
10.9388  7.14
10.9762  7.14
11.0135  7.14
11.0508  7.14
11.0882  7.14
11.1255  7.14
11.1628  7.14
11.2002  7.14
11.2375  7.14
11.2748  7.14
11.3122  7.14
11.3495  7.14
11.3868  7.14
11.4242  7.14
11.4615  7.14
11.4988  7.14
11.5362  7.14
11.5735  7.14
11.6108  7.13
11.6482  7.13
11.6855  7.13
11.7228  7.13
11.7602  7.13
11.7975  7.13
11.8348  7.13
11.8722  7.13
11.9095  7.13
11.9468  7.13
11.9842  7.13
12.0215  7.13
12.0588  7.13
12.0962  7.13
12.1335  7.13
12.1708  7.13
12.2082  7.12
12.2455  7.12
12.2828  7.12
12.3202  7.12
12.3575  7.12
12.3948  7.12
12.4322  7.12
12.4695  7.12
12.5068  7.11
12.5442  7.11
12.5815  7.11
12.6188  7.11
12.6562  7.1
12.6935  7.1
12.7308  7.1
12.7682  7.1
12.8055  7.09
12.8428  7.09
12.8802  7.08
12.9175  7.08
12.9548  7.08
12.9922  7.07
13.0295  7.07
13.0668  7.07
13.1042  7.06
13.1415  7.06
13.1788  7.05
13.2162  7.05
13.2535  7.05
13.2908  7.05
13.3282  7.04
13.3655  7.04
13.4029  7.04
13.4402  7.04
13.4775  7.04
13.5149  7.03
13.5522  7.03
13.5895  7.03
13.6269  7.03
13.6642  7.03
13.7015  7.03
13.7389  7.03
13.7762  7.03
13.8135  7.03
13.8509  7.03
13.8882  7.03
13.9255  7.03
13.9629  7.03
14.0002  7.03
14.0375  7.03
14.0749  7.03
14.1122  7.03
14.1495  7.03
14.1869  7.03
14.2242  7.03
14.2615  7.03
14.2989  7.03
14.3362  7.03
14.3735  7.04
14.4109  7.04
14.4482  7.04
14.4855  7.04
14.5229  7.04
14.5602  7.04
14.5975  7.05
14.6349  7.05
14.6722  7.05
14.7095  7.05
14.7469  7.06
14.7842  7.06
14.8215  7.06
14.8589  7.07
14.8962  7.07
14.9335  7.08
14.9709  7.08
15.0082  7.08
15.0455  7.09
15.0829  7.09
15.1202  7.1
15.1575  7.1
15.1949  7.11
15.2322  7.11
15.2695  7.11
15.3069  7.12
15.3442  7.12
15.3815  7.13
15.4189  7.13
15.4562  7.13
15.4935  7.14
15.5309  7.14
15.5682  7.14
15.6055  7.14
15.6429  7.15
15.6802  7.15
15.7175  7.15
15.7549  7.15
15.7922  7.15
15.8296  7.16
15.8669  7.16
15.9042  7.16
15.9416  7.16
15.9789  7.16
16.0162  7.16
16.0536  7.16
16.0909  7.16
16.1282  7.16
16.1656  7.16
16.2029  7.16
16.2402  7.16
16.2776  7.16
16.3149  7.16
16.3522  7.16
16.3896  7.16
16.4269  7.16
16.4642  7.16
16.5016  7.16
16.5389  7.16
16.5762  7.16
16.6136  7.16
16.6509  7.16
16.6882  7.16
16.7256  7.16
16.7629  7.16
16.8002  7.16
16.8376  7.16
16.8749  7.16
16.9122  7.16
16.9496  7.16
16.9869  7.16
17.0242  7.16
17.0616  7.16
17.0989  7.16
17.1362  7.16
17.1736  7.16
17.2109  7.16
17.2482  7.16
17.2856  7.16
17.3229  7.16
17.3602  7.16
17.3976  7.16
17.4349  7.16
17.4722  7.16
17.5096  7.16
17.5469  7.16
17.5842  7.16
17.6216  7.15
17.6589  7.15
17.6962  7.15
17.7336  7.15
17.7709  7.15
17.8082  7.15
17.8456  7.14
17.8829  7.14
17.9202  7.14
17.9576  7.14
17.9949  7.13
18.0322  7.13
18.0696  7.13
18.1069  7.13
18.1442  7.12
18.1816  7.12
18.2189  7.11
18.2563  7.11
18.2936  7.11
18.3309  7.1
18.3683  7.1
18.4056  7.1
18.4429  7.09
18.4803  7.09
18.5176  7.08
18.5549  7.08
18.5923  7.08
18.6296  7.08
18.6669  7.07
18.7043  7.07
18.7416  7.07
18.7789  7.06
18.8163  7.06
18.8536  7.06
18.8909  7.06
18.9283  7.06
18.9656  7.06
19.0029  7.06
19.0403  7.05
19.0776  7.05
19.1149  7.05
19.1523  7.05
19.1896  7.05
19.2269  7.05
19.2643  7.05
19.3016  7.05
19.3389  7.05
19.3763  7.05
19.4136  7.06
19.4509  7.06
19.4883  7.06
19.5256  7.06
19.5629  7.06
19.6003  7.06
19.6376  7.07
19.6749  7.07
19.7123  7.07
19.7496  7.07
19.7869  7.08
19.8243  7.08
19.8616  7.08
19.8989  7.08
19.9363  7.09
19.9736  7.09
20.0109  7.1
20.0483  7.1
20.0856  7.1
20.1229  7.11
20.1603  7.11
20.1976  7.11
20.2349  7.12
20.2723  7.12
20.3096  7.13
20.3469  7.13
20.3843  7.13
20.4216  7.14
20.4589  7.14
20.4963  7.14
20.5336  7.15
20.5709  7.15
20.6083  7.15
20.6456  7.15
20.683  7.16
20.7203  7.16
20.7576  7.16
20.795  7.16
20.8323  7.16
20.8696  7.16
20.907  7.17
20.9443  7.17
20.9816  7.17
21.019  7.17
21.0563  7.17
21.0936  7.17
21.131  7.17
21.1683  7.17
21.2056  7.17
21.243  7.17
21.2803  7.17
21.3176  7.17
21.355  7.17
21.3923  7.17
21.4296  7.18
21.467  7.18
21.5043  7.18
21.5416  7.18
21.579  7.18
21.6163  7.18
21.6536  7.18
21.691  7.18
21.7283  7.18
21.7656  7.18
21.803  7.18
21.8403  7.18
21.8776  7.18
21.915  7.18
21.9523  7.18
21.9896  7.18
22.027  7.18
22.0643  7.18
22.1016  7.18
22.139  7.18
22.1763  7.18
22.2136  7.17
22.251  7.17
22.2883  7.17
22.3256  7.17
22.363  7.17
22.4003  7.17
22.4376  7.17
22.475  7.17
22.5123  7.17
22.5496  7.17
22.587  7.17
22.6243  7.17
22.6616  7.17
22.699  7.17
22.7363  7.17
22.7736  7.17
22.811  7.16
22.8483  7.16
22.8856  7.16
22.923  7.16
22.9603  7.16
22.9976  7.16
23.035  7.15
23.0723  7.15
23.1097  7.15
23.147  7.15
23.1843  7.15
23.2217  7.14
23.259  7.14
23.2963  7.14
23.3337  7.13
23.371  7.13
23.4083  7.13
23.4457  7.13
23.483  7.12
23.5203  7.12
23.5577  7.12
23.595  7.11
23.6323  7.11
23.6697  7.11
23.707  7.1
23.7443  7.1
23.7817  7.1
23.819  7.09
23.8563  7.09
23.8937  7.09
23.931  7.09
23.9683  7.08
24.0057  7.08
24.043  7.08
24.0803  7.08
24.1177  7.08
24.155  7.08
24.1923  7.08
24.2297  7.07
24.267  7.07
24.3043  7.07
24.3417  7.07
24.379  7.07
24.4163  7.07
24.4537  7.07
24.491  7.07
24.5283  7.07
24.5657  7.07
24.603  7.08
24.6403  7.08
24.6777  7.08
24.715  7.08
24.7523  7.08
24.7897  7.08
24.827  7.08
24.8643  7.09
24.9017  7.09
24.939  7.09
24.9763  7.09
25.0137  7.09
25.051  7.1
25.0883  7.1
25.1257  7.1
25.163  7.1
25.2003  7.11
25.2377  7.11
25.275  7.11
25.3123  7.11
25.3497  7.12
25.387  7.12
25.4243  7.12
25.4617  7.13
25.499  7.13
25.5364  7.13
25.5737  7.13
25.611  7.13
25.6484  7.14
25.6857  7.14
25.723  7.14
25.7604  7.14
25.7977  7.14
25.835  7.15
25.8724  7.15
25.9097  7.15
25.947  7.15
25.9844  7.15
26.0217  7.15
26.059  7.15
26.0964  7.15
26.1337  7.15
26.171  7.16
26.2084  7.16
26.2457  7.16
26.283  7.16
26.3204  7.16
26.3577  7.16
26.395  7.16
26.4324  7.16
26.4697  7.16
26.507  7.16
26.5444  7.16
26.5817  7.16
26.619  7.16
26.6564  7.16
26.6937  7.16
26.731  7.16
26.7684  7.16
26.8057  7.16
26.843  7.16
26.8804  7.16
26.9177  7.16
26.955  7.16
26.9924  7.16
27.0297  7.16
27.067  7.16
27.1044  7.16
27.1417  7.16
27.179  7.16
27.2164  7.16
27.2537  7.16
27.291  7.16
27.3284  7.16
27.3657  7.16
27.403  7.16
27.4404  7.16
27.4777  7.16
27.515  7.16
27.5524  7.16
27.5897  7.16
27.627  7.16
27.6644  7.16
27.7017  7.16
27.739  7.16
27.7764  7.15
27.8137  7.15
27.851  7.15
27.8884  7.15
27.9257  7.15
27.9631  7.15
28.0004  7.14
28.0377  7.14
28.0751  7.14
28.1124  7.14
28.1497  7.14
28.1871  7.13
28.2244  7.13
28.2617  7.13
28.2991  7.13
28.3364  7.12
28.3737  7.12
28.4111  7.12
28.4484  7.11
28.4857  7.11
28.5231  7.11
28.5604  7.1
28.5977  7.1
28.6351  7.09
28.6724  7.09
28.7097  7.08
28.7471  7.08
28.7844  7.07
28.8217  7.07
28.8591  7.06
28.8964  7.05
28.9337  7.05
28.9711  7.04
29.0084  7.03
29.0457  7.02
29.0831  7.02
29.1204  7.01
29.1577  7
29.1951  6.99
29.2324  6.99
29.2697  6.98
29.3071  6.97
29.3444  6.97
29.3817  6.96
29.4191  6.96
29.4564  6.95
29.4937  6.95
29.5311  6.94
29.5684  6.94
29.6057  6.93
29.6431  6.93
29.6804  6.92
29.7177  6.92
29.7551  6.91
29.7924  6.91
29.8297  6.91
29.8671  6.9
29.9044  6.9
29.9417  6.89
29.9791  6.89
30.0164  6.89
30.0537  6.88
30.0911  6.88
30.1284  6.87
30.1657  6.87
30.2031  6.87
30.2404  6.86
30.2777  6.86
30.3151  6.86
30.3524  6.85
30.3898  6.85
30.4271  6.85
30.4644  6.85
30.5018  6.84
30.5391  6.84
30.5764  6.84
30.6138  6.84
30.6511  6.84
30.6884  6.85
30.7258  6.85
30.7631  6.85
30.8004  6.85
30.8378  6.85
30.8751  6.85
30.9124  6.85
30.9498  6.85
30.9871  6.86
31.0244  6.86
31.0618  6.86
31.0991  6.85
31.1364  6.85
31.1738  6.85
31.2111  6.85
31.2484  6.85
31.2858  6.85
31.3231  6.84
31.3604  6.84
31.3978  6.84
31.4351  6.83
31.4724  6.83
31.5098  6.82
31.5471  6.82
31.5844  6.81
31.6218  6.81
31.6591  6.8
31.6964  6.8
31.7338  6.79
31.7711  6.79
31.8084  6.78
31.8458  6.78
31.8831  6.77
31.9204  6.77
31.9578  6.76
31.9951  6.76
32.0324  6.75
32.0698  6.75
32.1071  6.74
32.1444  6.74
32.1818  6.73
32.2191  6.72
32.2564  6.72
32.2938  6.71
32.3311  6.7
32.3684  6.7
32.4058  6.69
32.4431  6.69
32.4804  6.68
32.5178  6.67
32.5551  6.67
32.5924  6.66
32.6298  6.65
32.6671  6.65
32.7044  6.64
32.7418  6.64
32.7791  6.63
32.8165  6.63
32.8538  6.62
32.8911  6.62
32.9285  6.62
32.9658  6.61
33.0031  6.61
33.0405  6.6
33.0778  6.59
33.1151  6.59
33.1525  6.58
33.1898  6.58
33.2271  6.57
33.2645  6.57
33.3018  6.56
33.3391  6.55
33.3765  6.55
33.4138  6.55
33.4511  6.54
33.4885  6.54
33.5258  6.54
33.5631  6.54
33.6005  6.54
33.6378  6.54
33.6751  6.53
33.7125  6.53
33.7498  6.53
33.7871  6.53
33.8245  6.53
33.8618  6.53
33.8991  6.53
33.9365  6.53
33.9738  6.52
34.0111  6.52
34.0485  6.52
34.0858  6.51
34.1231  6.51
34.1605  6.5
34.1978  6.5
34.2351  6.49
34.2725  6.48
34.3098  6.48
34.3471  6.47
34.3845  6.47
34.4218  6.46
34.4591  6.46
34.4965  6.46
34.5338  6.45
34.5711  6.45
34.6085  6.44
34.6458  6.44
34.6831  6.44
34.7205  6.43
34.7578  6.43
34.7951  6.43
34.8325  6.43
34.8698  6.42
34.9071  6.42
34.9445  6.42
34.9818  6.42
35.0191  6.42
35.0565  6.42
35.0938  6.42
35.1311  6.41
35.1685  6.41
35.2058  6.41
35.2432  6.41
35.2805  6.41
35.3178  6.41
35.3552  6.4
35.3925  6.4
35.4298  6.4
35.4672  6.4
35.5045  6.4
35.5418  6.39
35.5792  6.39
35.6165  6.39
35.6538  6.39
35.6912  6.39
35.7285  6.39
35.7658  6.39
35.8032  6.39
35.8405  6.39
35.8778  6.39
35.9152  6.39
35.9525  6.39
35.9898  6.39
36.0272  6.39
36.0645  6.39
36.1018  6.39
36.1392  6.4
36.1765  6.4
36.2138  6.4
36.2512  6.4
36.2885  6.4
36.3258  6.4
36.3632  6.4
36.4005  6.4
36.4378  6.4
36.4752  6.4
36.5125  6.4
36.5498  6.4
36.5872  6.4
36.6245  6.4
36.6618  6.4
36.6992  6.4
36.7365  6.41
36.7738  6.41
36.8112  6.41
36.8485  6.41
36.8858  6.41
36.9232  6.41
36.9605  6.41
36.9978  6.41
37.0352  6.41
37.0725  6.41
37.1098  6.41
37.1472  6.41
37.1845  6.41
37.2218  6.41
37.2592  6.41
37.2965  6.41
37.3338  6.41
37.3712  6.41
37.4085  6.41
37.4458  6.4
37.4832  6.4
37.5205  6.4
37.5578  6.4
37.5952  6.4
37.6325  6.4
37.6699  6.39
37.7072  6.39
37.7445  6.39
37.7819  6.39
37.8192  6.38
37.8565  6.38
37.8939  6.38
37.9312  6.38
37.9685  6.37
38.0059  6.37
38.0432  6.37
38.0805  6.36
38.1179  6.36
38.1552  6.35
38.1925  6.35
38.2299  6.35
38.2672  6.34
38.3045  6.34
38.3419  6.33
38.3792  6.33
38.4165  6.32
38.4539  6.32
38.4912  6.32
38.5285  6.31
38.5659  6.31
38.6032  6.31
38.6405  6.3
38.6779  6.3
38.7152  6.3
38.7525  6.29
38.7899  6.29
38.8272  6.29
38.8645  6.29
38.9019  6.29
38.9392  6.28
38.9765  6.28
39.0139  6.28
39.0512  6.28
39.0885  6.27
39.1259  6.27
39.1632  6.27
39.2005  6.27
39.2379  6.27
39.2752  6.27
39.3125  6.27
39.3499  6.26
39.3872  6.26
39.4245  6.26
39.4619  6.26
39.4992  6.26
39.5365  6.26
39.5739  6.27
39.6112  6.27
39.6485  6.27
39.6859  6.27
39.7232  6.27
39.7605  6.27
39.7979  6.28
39.8352  6.28
39.8725  6.28
39.9099  6.28
39.9472  6.28
39.9845  6.29
40.0219  6.29
40.0592  6.29
40.0966  6.29
40.1339  6.29
40.1712  6.3
40.2086  6.3
40.2459  6.3
40.2832  6.3
40.3206  6.3
40.3579  6.3
40.3952  6.3
40.4326  6.3
40.4699  6.3
40.5072  6.3
40.5446  6.29
40.5819  6.29
40.6192  6.29
40.6566  6.29
40.6939  6.29
40.7312  6.28
40.7686  6.28
40.8059  6.28
40.8432  6.28
40.8806  6.28
40.9179  6.28
40.9552  6.28
40.9926  6.28
41.0299  6.29
41.0672  6.29
41.1046  6.29
41.1419  6.29
41.1792  6.3
41.2166  6.3
41.2539  6.3
41.2912  6.31
41.3286  6.31
41.3659  6.31
41.4032  6.31
41.4406  6.31
41.4779  6.31
41.5152  6.31
41.5526  6.31
41.5899  6.31
41.6272  6.31
41.6646  6.31
41.7019  6.31
41.7392  6.31
41.7766  6.31
41.8139  6.31
41.8512  6.31
41.8886  6.31
41.9259  6.31
41.9632  6.31
42.0006  6.31
42.0379  6.31
42.0752  6.31
42.1126  6.31
42.1499  6.31
42.1872  6.31
42.2246  6.31
42.2619  6.3
42.2992  6.3
42.3366  6.3
42.3739  6.3
42.4112  6.3
42.4486  6.3
42.4859  6.3
42.5233  6.3
42.5606  6.3
42.5979  6.3
42.6353  6.3
42.6726  6.3
42.7099  6.29
42.7473  6.29
42.7846  6.29
42.8219  6.29
42.8593  6.29
42.8966  6.29
42.9339  6.28
42.9713  6.28
43.0086  6.28
43.0459  6.28
43.0833  6.28
43.1206  6.27
43.1579  6.27
43.1953  6.27
43.2326  6.27
43.2699  6.27
43.3073  6.27
43.3446  6.27
43.3819  6.27
43.4193  6.27
43.4566  6.27
43.4939  6.27
43.5313  6.27
43.5686  6.27
43.6059  6.27
43.6433  6.27
43.6806  6.27
43.7179  6.27
43.7553  6.27
43.7926  6.27
43.8299  6.27
43.8673  6.28
43.9046  6.28
43.9419  6.28
43.9793  6.28
44.0166  6.28
44.0539  6.28
44.0913  6.28
44.1286  6.28
44.1659  6.28
44.2033  6.28
44.2406  6.28
44.2779  6.29
44.3153  6.29
44.3526  6.29
44.3899  6.29
44.4273  6.3
44.4646  6.3
44.5019  6.3
44.5393  6.3
44.5766  6.31
44.6139  6.31
44.6513  6.31
44.6886  6.31
44.7259  6.32
44.7633  6.32
44.8006  6.32
44.8379  6.32
44.8753  6.32
44.9126  6.33
44.95  6.33
44.9873  6.33
45.0246  6.33
45.062  6.33
45.0993  6.33
45.1366  6.33
45.174  6.33
45.2113  6.33
45.2486  6.33
45.286  6.33
45.3233  6.33
45.3606  6.33
45.398  6.33
45.4353  6.33
45.4726  6.33
45.51  6.33
45.5473  6.32
45.5846  6.32
45.622  6.32
45.6593  6.32
45.6966  6.32
45.734  6.32
45.7713  6.32
45.8086  6.32
45.846  6.32
45.8833  6.32
45.9206  6.32
45.958  6.32
45.9953  6.32
46.0326  6.32
46.07  6.32
46.1073  6.32
46.1446  6.32
46.182  6.32
46.2193  6.32
46.2566  6.32
46.294  6.32
46.3313  6.32
46.3686  6.32
46.406  6.32
46.4433  6.32
46.4806  6.32
46.518  6.32
46.5553  6.32
46.5926  6.32
46.63  6.32
46.6673  6.32
46.7046  6.32
46.742  6.32
46.7793  6.32
46.8166  6.33
46.854  6.33
46.8913  6.33
46.9286  6.33
46.966  6.33
47.0033  6.33
47.0406  6.34
47.078  6.34
47.1153  6.34
47.1526  6.34
47.19  6.34
47.2273  6.34
47.2646  6.35
47.302  6.35
47.3393  6.35
47.3767  6.35
47.414  6.35
47.4513  6.36
47.4887  6.36
47.526  6.36
47.5633  6.36
47.6007  6.36
47.638  6.37
47.6753  6.37
47.7127  6.37
47.75  6.37
47.7873  6.37
47.8247  6.38
47.862  6.38
47.8993  6.38
47.9367  6.38
47.974  6.38
48.0113  6.38
48.0487  6.38
48.086  6.38
48.1233  6.38
48.1607  6.38
48.198  6.38
48.2353  6.38
48.2727  6.38
48.31  6.38
48.3473  6.38
48.3847  6.38
48.422  6.38
48.4593  6.38
48.4967  6.39
48.534  6.39
48.5713  6.39
48.6087  6.39
48.646  6.39
48.6833  6.39
48.7207  6.39
48.758  6.39
48.7953  6.4
48.8327  6.4
48.87  6.4
48.9073  6.4
48.9447  6.4
48.982  6.41
49.0193  6.41
49.0567  6.41
49.094  6.42
49.1313  6.42
49.1687  6.42
49.206  6.43
49.2433  6.43
49.2807  6.43
49.318  6.43
49.3553  6.44
49.3927  6.44
49.43  6.44
49.4673  6.44
49.5047  6.44
49.542  6.45
49.5793  6.45
49.6167  6.45
49.654  6.45
49.6913  6.45
49.7287  6.45
49.766  6.45
49.8034  6.45
49.8407  6.45
49.878  6.45
49.9154  6.46
49.9527  6.46
49.99  6.46
50.0274  6.46
50.0647  6.46
50.102  6.46
50.1394  6.46
50.1767  6.46
50.214  6.46
50.2514  6.46
50.2887  6.47
50.326  6.47
50.3634  6.47
50.4007  6.47
50.438  6.47
50.4754  6.48
50.5127  6.48
50.55  6.48
50.5874  6.48
50.6247  6.48
50.662  6.49
50.6994  6.49
50.7367  6.49
50.774  6.49
50.8114  6.5
50.8487  6.5
50.886  6.5
50.9234  6.5
50.9607  6.5
50.998  6.5
51.0354  6.51
51.0727  6.51
51.11  6.51
51.1474  6.51
51.1847  6.51
51.222  6.51
51.2594  6.51
51.2967  6.51
51.334  6.51
51.3714  6.51
51.4087  6.51
51.446  6.51
51.4834  6.51
51.5207  6.51
51.558  6.51
51.5954  6.51
51.6327  6.5
51.67  6.5
51.7074  6.5
51.7447  6.5
51.782  6.5
51.8194  6.5
51.8567  6.49
51.894  6.49
51.9314  6.49
51.9687  6.49
52.006  6.49
52.0434  6.49
52.0807  6.49
52.118  6.49
52.1554  6.49
52.1927  6.49
52.2301  6.49
52.2674  6.49
52.3047  6.49
52.3421  6.49
52.3794  6.5
52.4167  6.5
52.4541  6.5
52.4914  6.5
52.5287  6.5
52.5661  6.5
52.6034  6.5
52.6407  6.5
52.6781  6.5
52.7154  6.51
52.7527  6.51
52.7901  6.51
52.8274  6.51
52.8647  6.51
52.9021  6.51
52.9394  6.51
52.9767  6.51
53.0141  6.51
53.0514  6.51
53.0887  6.51
53.1261  6.51
53.1634  6.51
53.2007  6.51
53.2381  6.51
53.2754  6.51
53.3127  6.51
53.3501  6.51
53.3874  6.51
53.4247  6.52
53.4621  6.52
53.4994  6.52
53.5367  6.52
53.5741  6.52
53.6114  6.52
53.6487  6.52
53.6861  6.53
53.7234  6.53
53.7607  6.53
53.7981  6.53
53.8354  6.54
53.8727  6.54
53.9101  6.54
53.9474  6.54
53.9847  6.54
54.0221  6.54
54.0594  6.54
54.0967  6.55
54.1341  6.55
54.1714  6.55
54.2087  6.54
54.2461  6.54
54.2834  6.54
54.3207  6.54
54.3581  6.54
54.3954  6.54
54.4327  6.54
54.4701  6.54
54.5074  6.53
54.5447  6.53
54.5821  6.53
54.6194  6.53
54.6568  6.52
54.6941  6.52
54.7314  6.52
54.7688  6.52
54.8061  6.51
54.8434  6.51
54.8808  6.51
54.9181  6.51
54.9554  6.51
54.9928  6.51
55.0301  6.51
55.0674  6.5
55.1048  6.5
55.1421  6.51
55.1794  6.51
55.2168  6.51
55.2541  6.51
55.2914  6.51
55.3288  6.52
55.3661  6.52
55.4034  6.52
55.4408  6.53
55.4781  6.53
55.5154  6.54
55.5528  6.54
55.5901  6.55
55.6274  6.55
55.6648  6.55
55.7021  6.56
55.7394  6.56
55.7768  6.57
55.8141  6.57
55.8514  6.58
55.8888  6.58
55.9261  6.58
55.9634  6.59
56.0008  6.59
56.0381  6.6
56.0754  6.6
56.1128  6.6
56.1501  6.61
56.1874  6.61
56.2248  6.62
56.2621  6.62
56.2994  6.63
56.3368  6.63
56.3741  6.64
56.4114  6.64
56.4488  6.64
56.4861  6.65
56.5234  6.65
56.5608  6.66
56.5981  6.66
56.6354  6.66
56.6728  6.67
56.7101  6.67
56.7474  6.67
56.7848  6.68
56.8221  6.68
56.8594  6.68
56.8968  6.69
56.9341  6.69
56.9714  6.69
57.0088  6.69
57.0461  6.7
57.0835  6.7
57.1208  6.7
57.1581  6.7
57.1955  6.71
57.2328  6.71
57.2701  6.71
57.3075  6.71
57.3448  6.71
57.3821  6.72
57.4195  6.72
57.4568  6.72
57.4941  6.72
57.5315  6.73
57.5688  6.73
57.6061  6.73
57.6435  6.73
57.6808  6.74
57.7181  6.74
57.7555  6.74
57.7928  6.74
57.8301  6.74
57.8675  6.75
57.9048  6.75
57.9421  6.75
57.9795  6.75
58.0168  6.75
58.0541  6.75
58.0915  6.75
58.1288  6.75
58.1661  6.75
58.2035  6.75
58.2408  6.76
58.2781  6.76
58.3155  6.76
58.3528  6.76
58.3901  6.76
58.4275  6.76
58.4648  6.76
58.5021  6.76
58.5395  6.76
58.5768  6.76
58.6141  6.76
58.6515  6.76
58.6888  6.76
58.7261  6.76
58.7635  6.76
58.8008  6.77
58.8381  6.77
58.8755  6.77
58.9128  6.77
58.9501  6.77
58.9875  6.77
59.0248  6.77
59.0621  6.77
59.0995  6.78
59.1368  6.78
59.1741  6.78
59.2115  6.78
59.2488  6.78
59.2861  6.78
59.3235  6.79
59.3608  6.79
59.3981  6.79
59.4355  6.79
59.4728  6.79
59.5102  6.8
59.5475  6.8
59.5848  6.8
59.6222  6.8
59.6595  6.81
59.6968  6.81
59.7342  6.81
59.7715  6.82
59.8088  6.82
59.8462  6.82
59.8835  6.83
59.9208  6.83
59.9582  6.83
59.9955  6.83
60.0328  6.84
60.0702  6.84
60.1075  6.84
60.1448  6.85
60.1822  6.85
60.2195  6.85
60.2568  6.85
60.2942  6.85
60.3315  6.86
60.3688  6.86
60.4062  6.86
60.4435  6.86
60.4808  6.86
60.5182  6.86
60.5555  6.87
60.5928  6.87
60.6302  6.87
lumo
0  7.51
0.0373338  7.5
0.0746677  7.5
0.112002  7.5
0.149335  7.49
0.186669  7.49
0.224003  7.49
0.261337  7.48
0.298671  7.48
0.336005  7.47
0.373338  7.47
0.410672  7.46
0.448006  7.46
0.48534  7.46
0.522674  7.45
0.560008  7.45
0.597342  7.45
0.634675  7.44
0.672009  7.44
0.709343  7.44
0.746677  7.43
0.784011  7.43
0.821345  7.43
0.858678  7.43
0.896012  7.42
0.933346  7.42
0.97068  7.42
1.00801  7.42
1.04535  7.42
1.08268  7.41
1.12002  7.41
1.15735  7.41
1.19468  7.41
1.23202  7.41
1.26935  7.41
1.30668  7.41
1.34402  7.41
1.38135  7.4
1.41869  7.4
1.45602  7.4
1.49335  7.4
1.53069  7.4
1.56802  7.4
1.60536  7.4
1.64269  7.4
1.68002  7.4
1.71736  7.4
1.75469  7.4
1.79202  7.4
1.82936  7.4
1.86669  7.4
1.90403  7.4
1.94136  7.4
1.97869  7.4
2.01603  7.4
2.05336  7.4
2.0907  7.4
2.12803  7.4
2.16536  7.4
2.2027  7.4
2.24003  7.4
2.27736  7.4
2.3147  7.4
2.35203  7.4
2.38937  7.4
2.4267  7.4
2.46403  7.4
2.50137  7.4
2.5387  7.4
2.57604  7.4
2.61337  7.4
2.6507  7.41
2.68804  7.41
2.72537  7.41
2.7627  7.41
2.80004  7.41
2.83737  7.41
2.87471  7.41
2.91204  7.41
2.94937  7.41
2.98671  7.41
3.02404  7.42
3.06138  7.42
3.09871  7.42
3.13604  7.42
3.17338  7.42
3.21071  7.42
3.24804  7.42
3.28538  7.42
3.32271  7.43
3.36005  7.43
3.39738  7.43
3.43471  7.43
3.47205  7.43
3.50938  7.43
3.54672  7.44
3.58405  7.44
3.62138  7.44
3.65872  7.44
3.69605  7.44
3.73338  7.44
3.77072  7.44
3.80805  7.45
3.84539  7.45
3.88272  7.45
3.92005  7.45
3.95739  7.45
3.99472  7.45
4.03206  7.45
4.06939  7.45
4.10672  7.45
4.14406  7.45
4.18139  7.46
4.21872  7.46
4.25606  7.46
4.29339  7.46
4.33073  7.46
4.36806  7.46
4.40539  7.46
4.44273  7.46
4.48006  7.46
4.5174  7.46
4.55473  7.46
4.59206  7.46
4.6294  7.46
4.66673  7.46
4.70406  7.46
4.7414  7.47
4.77873  7.47
4.81607  7.47
4.8534  7.47
4.89073  7.47
4.92807  7.47
4.9654  7.47
5.00274  7.47
5.04007  7.47
5.0774  7.47
5.11474  7.48
5.15207  7.48
5.1894  7.48
5.22674  7.48
5.26407  7.48
5.30141  7.48
5.33874  7.49
5.37607  7.49
5.41341  7.49
5.45074  7.49
5.48808  7.49
5.52541  7.5
5.56274  7.5
5.60008  7.5
5.63741  7.5
5.67474  7.5
5.71208  7.51
5.74941  7.51
5.78675  7.51
5.82408  7.51
5.86141  7.51
5.89875  7.52
5.93608  7.52
5.97342  7.52
6.01075  7.52
6.04808  7.52
6.08542  7.52
6.12275  7.52
6.16008  7.53
6.19742  7.53
6.23475  7.53
6.27209  7.53
6.30942  7.53
6.34675  7.53
6.38409  7.53
6.42142  7.53
6.45876  7.53
6.49609  7.53
6.53342  7.53
6.57076  7.53
6.60809  7.53
6.64542  7.54
6.68276  7.54
6.72009  7.54
6.75743  7.54
6.79476  7.54
6.83209  7.54
6.86943  7.54
6.90676  7.54
6.9441  7.54
6.98143  7.54
7.01876  7.54
7.0561  7.54
7.09343  7.55
7.13076  7.55
7.1681  7.55
7.20543  7.55
7.24277  7.55
7.2801  7.55
7.31743  7.56
7.35477  7.56
7.3921  7.56
7.42944  7.56
7.46677  7.57
7.5041  7.57
7.54144  7.57
7.57877  7.57
7.6161  7.58
7.65344  7.58
7.69077  7.58
7.72811  7.59
7.76544  7.59
7.80277  7.59
7.84011  7.6
7.87744  7.6
7.91478  7.6
7.95211  7.61
7.98944  7.61
8.02678  7.62
8.06411  7.62
8.10144  7.62
8.13878  7.63
8.17611  7.63
8.21345  7.63
8.25078  7.64
8.28811  7.64
8.32545  7.64
8.36278  7.64
8.40012  7.65
8.43745  7.65
8.47478  7.65
8.51212  7.65
8.54945  7.66
8.58678  7.66
8.62412  7.66
8.66145  7.66
8.69879  7.66
8.73612  7.66
8.77345  7.66
8.81079  7.66
8.84812  7.67
8.88546  7.67
8.92279  7.67
8.96012  7.67
8.99746  7.67
9.03479  7.67
9.07212  7.67
9.10946  7.67
9.14679  7.67
9.18413  7.67
9.22146  7.67
9.25879  7.66
9.29613  7.66
9.33346  7.66
9.3708  7.66
9.40813  7.66
9.44546  7.66
9.4828  7.66
9.52013  7.66
9.55746  7.66
9.5948  7.65
9.63213  7.65
9.66947  7.65
9.7068  7.65
9.74413  7.65
9.78147  7.65
9.8188  7.64
9.85614  7.64
9.89347  7.64
9.9308  7.64
9.96814  7.64
10.0055  7.64
10.0428  7.63
10.0801  7.63
10.1175  7.63
10.1548  7.63
10.1921  7.63
10.2295  7.63
10.2668  7.63
10.3041  7.63
10.3415  7.63
10.3788  7.63
10.4161  7.63
10.4535  7.63
10.4908  7.63
10.5281  7.63
10.5655  7.63
10.6028  7.63
10.6401  7.63
10.6775  7.64
10.7148  7.64
10.7521  7.64
10.7895  7.64
10.8268  7.64
10.8641  7.65
10.9015  7.65
10.9388  7.65
10.9762  7.66
11.0135  7.66
11.0508  7.66
11.0882  7.66
11.1255  7.67
11.1628  7.67
11.2002  7.67
11.2375  7.68
11.2748  7.68
11.3122  7.68
11.3495  7.68
11.3868  7.68
11.4242  7.69
11.4615  7.69
11.4988  7.69
11.5362  7.69
11.5735  7.69
11.6108  7.7
11.6482  7.7
11.6855  7.7
11.7228  7.7
11.7602  7.7
11.7975  7.7
11.8348  7.7
11.8722  7.71
11.9095  7.71
11.9468  7.71
11.9842  7.71
12.0215  7.71
12.0588  7.71
12.0962  7.71
12.1335  7.71
12.1708  7.71
12.2082  7.71
12.2455  7.71
12.2828  7.71
12.3202  7.72
12.3575  7.72
12.3948  7.72
12.4322  7.72
12.4695  7.72
12.5068  7.72
12.5442  7.72
12.5815  7.72
12.6188  7.72
12.6562  7.72
12.6935  7.72
12.7308  7.72
12.7682  7.72
12.8055  7.73
12.8428  7.73
12.8802  7.73
12.9175  7.73
12.9548  7.73
12.9922  7.73
13.0295  7.73
13.0668  7.73
13.1042  7.73
13.1415  7.73
13.1788  7.73
13.2162  7.74
13.2535  7.74
13.2908  7.74
13.3282  7.74
13.3655  7.74
13.4029  7.74
13.4402  7.74
13.4775  7.74
13.5149  7.74
13.5522  7.74
13.5895  7.74
13.6269  7.74
13.6642  7.74
13.7015  7.74
13.7389  7.74
13.7762  7.74
13.8135  7.74
13.8509  7.74
13.8882  7.74
13.9255  7.74
13.9629  7.74
14.0002  7.74
14.0375  7.74
14.0749  7.74
14.1122  7.74
14.1495  7.74
14.1869  7.74
14.2242  7.75
14.2615  7.75
14.2989  7.75
14.3362  7.75
14.3735  7.75
14.4109  7.75
14.4482  7.75
14.4855  7.75
14.5229  7.75
14.5602  7.75
14.5975  7.75
14.6349  7.75
14.6722  7.75
14.7095  7.75
14.7469  7.75
14.7842  7.75
14.8215  7.75
14.8589  7.75
14.8962  7.75
14.9335  7.75
14.9709  7.75
15.0082  7.75
15.0455  7.76
15.0829  7.76
15.1202  7.76
15.1575  7.76
15.1949  7.76
15.2322  7.76
15.2695  7.76
15.3069  7.76
15.3442  7.76
15.3815  7.76
15.4189  7.76
15.4562  7.76
15.4935  7.76
15.5309  7.77
15.5682  7.77
15.6055  7.77
15.6429  7.77
15.6802  7.77
15.7175  7.77
15.7549  7.77
15.7922  7.77
15.8296  7.77
15.8669  7.77
15.9042  7.77
15.9416  7.77
15.9789  7.78
16.0162  7.78
16.0536  7.78
16.0909  7.78
16.1282  7.78
16.1656  7.78
16.2029  7.78
16.2402  7.78
16.2776  7.78
16.3149  7.78
16.3522  7.78
16.3896  7.78
16.4269  7.78
16.4642  7.78
16.5016  7.78
16.5389  7.78
16.5762  7.78
16.6136  7.78
16.6509  7.78
16.6882  7.78
16.7256  7.78
16.7629  7.78
16.8002  7.78
16.8376  7.78
16.8749  7.78
16.9122  7.78
16.9496  7.78
16.9869  7.78
17.0242  7.78
17.0616  7.79
17.0989  7.79
17.1362  7.79
17.1736  7.79
17.2109  7.79
17.2482  7.79
17.2856  7.79
17.3229  7.79
17.3602  7.79
17.3976  7.79
17.4349  7.79
17.4722  7.79
17.5096  7.79
17.5469  7.79
17.5842  7.79
17.6216  7.79
17.6589  7.79
17.6962  7.79
17.7336  7.79
17.7709  7.79
17.8082  7.79
17.8456  7.79
17.8829  7.79
17.9202  7.79
17.9576  7.79
17.9949  7.79
18.0322  7.8
18.0696  7.8
18.1069  7.8
18.1442  7.8
18.1816  7.8
18.2189  7.8
18.2563  7.8
18.2936  7.8
18.3309  7.8
18.3683  7.8
18.4056  7.8
18.4429  7.81
18.4803  7.81
18.5176  7.81
18.5549  7.81
18.5923  7.81
18.6296  7.81
18.6669  7.81
18.7043  7.81
18.7416  7.81
18.7789  7.81
18.8163  7.81
18.8536  7.81
18.8909  7.81
18.9283  7.81
18.9656  7.81
19.0029  7.81
19.0403  7.82
19.0776  7.82
19.1149  7.82
19.1523  7.82
19.1896  7.82
19.2269  7.82
19.2643  7.82
19.3016  7.82
19.3389  7.82
19.3763  7.82
19.4136  7.82
19.4509  7.82
19.4883  7.82
19.5256  7.82
19.5629  7.82
19.6003  7.82
19.6376  7.82
19.6749  7.82
19.7123  7.82
19.7496  7.82
19.7869  7.82
19.8243  7.82
19.8616  7.82
19.8989  7.82
19.9363  7.82
19.9736  7.82
20.0109  7.82
20.0483  7.82
20.0856  7.82
20.1229  7.82
20.1603  7.82
20.1976  7.82
20.2349  7.82
20.2723  7.82
20.3096  7.82
20.3469  7.82
20.3843  7.82
20.4216  7.82
20.4589  7.82
20.4963  7.82
20.5336  7.82
20.5709  7.82
20.6083  7.82
20.6456  7.82
20.683  7.82
20.7203  7.82
20.7576  7.82
20.795  7.82
20.8323  7.82
20.8696  7.82
20.907  7.82
20.9443  7.82
20.9816  7.82
21.019  7.82
21.0563  7.82
21.0936  7.82
21.131  7.82
21.1683  7.82
21.2056  7.82
21.243  7.82
21.2803  7.82
21.3176  7.82
21.355  7.82
21.3923  7.82
21.4296  7.82
21.467  7.83
21.5043  7.83
21.5416  7.83
21.579  7.83
21.6163  7.83
21.6536  7.83
21.691  7.83
21.7283  7.83
21.7656  7.83
21.803  7.83
21.8403  7.83
21.8776  7.83
21.915  7.83
21.9523  7.83
21.9896  7.83
22.027  7.83
22.0643  7.83
22.1016  7.83
22.139  7.83
22.1763  7.84
22.2136  7.84
22.251  7.84
22.2883  7.84
22.3256  7.84
22.363  7.84
22.4003  7.84
22.4376  7.84
22.475  7.84
22.5123  7.84
22.5496  7.84
22.587  7.84
22.6243  7.85
22.6616  7.85
22.699  7.85
22.7363  7.85
22.7736  7.85
22.811  7.85
22.8483  7.85
22.8856  7.85
22.923  7.85
22.9603  7.86
22.9976  7.86
23.035  7.86
23.0723  7.86
23.1097  7.86
23.147  7.86
23.1843  7.87
23.2217  7.87
23.259  7.87
23.2963  7.87
23.3337  7.87
23.371  7.87
23.4083  7.87
23.4457  7.88
23.483  7.88
23.5203  7.88
23.5577  7.88
23.595  7.88
23.6323  7.88
23.6697  7.89
23.707  7.89
23.7443  7.89
23.7817  7.89
23.819  7.89
23.8563  7.89
23.8937  7.89
23.931  7.9
23.9683  7.9
24.0057  7.9
24.043  7.9
24.0803  7.9
24.1177  7.9
24.155  7.9
24.1923  7.9
24.2297  7.9
24.267  7.91
24.3043  7.91
24.3417  7.91
24.379  7.91
24.4163  7.91
24.4537  7.91
24.491  7.91
24.5283  7.91
24.5657  7.91
24.603  7.91
24.6403  7.92
24.6777  7.92
24.715  7.92
24.7523  7.92
24.7897  7.92
24.827  7.92
24.8643  7.92
24.9017  7.92
24.939  7.92
24.9763  7.92
25.0137  7.92
25.051  7.93
25.0883  7.93
25.1257  7.93
25.163  7.93
25.2003  7.93
25.2377  7.93
25.275  7.93
25.3123  7.93
25.3497  7.93
25.387  7.93
25.4243  7.93
25.4617  7.93
25.499  7.94
25.5364  7.94
25.5737  7.94
25.611  7.94
25.6484  7.94
25.6857  7.94
25.723  7.94
25.7604  7.94
25.7977  7.95
25.835  7.95
25.8724  7.95
25.9097  7.95
25.947  7.95
25.9844  7.95
26.0217  7.95
26.059  7.96
26.0964  7.96
26.1337  7.96
26.171  7.96
26.2084  7.96
26.2457  7.96
26.283  7.97
26.3204  7.97
26.3577  7.97
26.395  7.97
26.4324  7.97
26.4697  7.97
26.507  7.98
26.5444  7.98
26.5817  7.98
26.619  7.98
26.6564  7.98
26.6937  7.99
26.731  7.99
26.7684  7.99
26.8057  7.99
26.843  7.99
26.8804  7.99
26.9177  8
26.955  8
26.9924  8
27.0297  8
27.067  8.01
27.1044  8.01
27.1417  8.01
27.179  8.01
27.2164  8.01
27.2537  8.02
27.291  8.02
27.3284  8.02
27.3657  8.02
27.403  8.03
27.4404  8.03
27.4777  8.03
27.515  8.03
27.5524  8.04
27.5897  8.04
27.627  8.04
27.6644  8.04
27.7017  8.05
27.739  8.05
27.7764  8.05
27.8137  8.06
27.851  8.06
27.8884  8.06
27.9257  8.07
27.9631  8.07
28.0004  8.08
28.0377  8.08
28.0751  8.08
28.1124  8.09
28.1497  8.09
28.1871  8.1
28.2244  8.1
28.2617  8.11
28.2991  8.11
28.3364  8.12
28.3737  8.12
28.4111  8.13
28.4484  8.13
28.4857  8.14
28.5231  8.14
28.5604  8.15
28.5977  8.15
28.6351  8.16
28.6724  8.17
28.7097  8.17
28.7471  8.18
28.7844  8.19
28.8217  8.19
28.8591  8.2
28.8964  8.2
28.9337  8.21
28.9711  8.22
29.0084  8.22
29.0457  8.23
29.0831  8.24
29.1204  8.24
29.1577  8.25
29.1951  8.25
29.2324  8.26
29.2697  8.27
29.3071  8.27
29.3444  8.28
29.3817  8.29
29.4191  8.29
29.4564  8.3
29.4937  8.3
29.5311  8.31
29.5684  8.31
29.6057  8.32
29.6431  8.32
29.6804  8.33
29.7177  8.33
29.7551  8.34
29.7924  8.34
29.8297  8.35
29.8671  8.35
29.9044  8.35
29.9417  8.36
29.9791  8.36
30.0164  8.36
30.0537  8.36
30.0911  8.37
30.1284  8.37
30.1657  8.37
30.2031  8.37
30.2404  8.37
30.2777  8.38
30.3151  8.38
30.3524  8.38
30.3898  8.38
30.4271  8.38
30.4644  8.39
30.5018  8.39
30.5391  8.39
30.5764  8.4
30.6138  8.4
30.6511  8.41
30.6884  8.41
30.7258  8.42
30.7631  8.43
30.8004  8.44
30.8378  8.45
30.8751  8.46
30.9124  8.47
30.9498  8.48
30.9871  8.49
31.0244  8.51
31.0618  8.52
31.0991  8.53
31.1364  8.54
31.1738  8.55
31.2111  8.56
31.2484  8.57
31.2858  8.58
31.3231  8.59
31.3604  8.59
31.3978  8.6
31.4351  8.6
31.4724  8.61
31.5098  8.61
31.5471  8.61
31.5844  8.61
31.6218  8.62
31.6591  8.62
31.6964  8.62
31.7338  8.62
31.7711  8.62
31.8084  8.62
31.8458  8.62
31.8831  8.63
31.9204  8.63
31.9578  8.63
31.9951  8.63
32.0324  8.64
32.0698  8.64
32.1071  8.64
32.1444  8.65
32.1818  8.65
32.2191  8.65
32.2564  8.66
32.2938  8.66
32.3311  8.67
32.3684  8.67
32.4058  8.68
32.4431  8.68
32.4804  8.68
32.5178  8.69
32.5551  8.69
32.5924  8.7
32.6298  8.7
32.6671  8.7
32.7044  8.71
32.7418  8.71
32.7791  8.71
32.8165  8.72
32.8538  8.72
32.8911  8.73
32.9285  8.73
32.9658  8.74
33.0031  8.74
33.0405  8.75
33.0778  8.75
33.1151  8.76
33.1525  8.76
33.1898  8.77
33.2271  8.78
33.2645  8.79
33.3018  8.79
33.3391  8.8
33.3765  8.8
33.4138  8.81
33.4511  8.82
33.4885  8.82
33.5258  8.83
33.5631  8.83
33.6005  8.83
33.6378  8.84
33.6751  8.84
33.7125  8.85
33.7498  8.85
33.7871  8.85
33.8245  8.86
33.8618  8.86
33.8991  8.87
33.9365  8.88
33.9738  8.88
34.0111  8.89
34.0485  8.9
34.0858  8.91
34.1231  8.92
34.1605  8.94
34.1978  8.95
34.2351  8.97
34.2725  8.98
34.3098  8.99
34.3471  9
34.3845  9.01
34.4218  9.02
34.4591  9.03
34.4965  9.04
34.5338  9.05
34.5711  9.05
34.6085  9.06
34.6458  9.06
34.6831  9.07
34.7205  9.07
34.7578  9.08
34.7951  9.08
34.8325  9.08
34.8698  9.09
34.9071  9.09
34.9445  9.09
34.9818  9.1
35.0191  9.1
35.0565  9.1
35.0938  9.1
35.1311  9.11
35.1685  9.11
35.2058  9.11
35.2432  9.11
35.2805  9.12
35.3178  9.12
35.3552  9.12
35.3925  9.12
35.4298  9.12
35.4672  9.13
35.5045  9.13
35.5418  9.13
35.5792  9.13
35.6165  9.13
35.6538  9.13
35.6912  9.14
35.7285  9.14
35.7658  9.14
35.8032  9.14
35.8405  9.14
35.8778  9.14
35.9152  9.15
35.9525  9.15
35.9898  9.15
36.0272  9.15
36.0645  9.15
36.1018  9.15
36.1392  9.16
36.1765  9.16
36.2138  9.16
36.2512  9.16
36.2885  9.17
36.3258  9.17
36.3632  9.17
36.4005  9.17
36.4378  9.18
36.4752  9.18
36.5125  9.18
36.5498  9.19
36.5872  9.19
36.6245  9.19
36.6618  9.19
36.6992  9.2
36.7365  9.2
36.7738  9.2
36.8112  9.21
36.8485  9.21
36.8858  9.21
36.9232  9.22
36.9605  9.22
36.9978  9.22
37.0352  9.23
37.0725  9.23
37.1098  9.24
37.1472  9.24
37.1845  9.24
37.2218  9.25
37.2592  9.25
37.2965  9.25
37.3338  9.26
37.3712  9.26
37.4085  9.26
37.4458  9.26
37.4832  9.27
37.5205  9.27
37.5578  9.27
37.5952  9.27
37.6325  9.28
37.6699  9.28
37.7072  9.28
37.7445  9.28
37.7819  9.28
37.8192  9.28
37.8565  9.28
37.8939  9.28
37.9312  9.28
37.9685  9.28
38.0059  9.29
38.0432  9.29
38.0805  9.29
38.1179  9.29
38.1552  9.29
38.1925  9.28
38.2299  9.28
38.2672  9.28
38.3045  9.28
38.3419  9.28
38.3792  9.28
38.4165  9.28
38.4539  9.28
38.4912  9.28
38.5285  9.29
38.5659  9.29
38.6032  9.29
38.6405  9.29
38.6779  9.29
38.7152  9.29
38.7525  9.3
38.7899  9.3
38.8272  9.3
38.8645  9.31
38.9019  9.31
38.9392  9.31
38.9765  9.31
39.0139  9.32
39.0512  9.32
39.0885  9.32
39.1259  9.32
39.1632  9.32
39.2005  9.32
39.2379  9.32
39.2752  9.32
39.3125  9.32
39.3499  9.32
39.3872  9.32
39.4245  9.32
39.4619  9.31
39.4992  9.31
39.5365  9.31
39.5739  9.31
39.6112  9.31
39.6485  9.3
39.6859  9.3
39.7232  9.3
39.7605  9.3
39.7979  9.3
39.8352  9.29
39.8725  9.29
39.9099  9.29
39.9472  9.29
39.9845  9.29
40.0219  9.29
40.0592  9.28
40.0966  9.28
40.1339  9.28
40.1712  9.28
40.2086  9.28
40.2459  9.28
40.2832  9.28
40.3206  9.28
40.3579  9.27
40.3952  9.27
40.4326  9.27
40.4699  9.27
40.5072  9.27
40.5446  9.27
40.5819  9.27
40.6192  9.27
40.6566  9.27
40.6939  9.27
40.7312  9.27
40.7686  9.27
40.8059  9.27
40.8432  9.27
40.8806  9.27
40.9179  9.27
40.9552  9.27
40.9926  9.26
41.0299  9.26
41.0672  9.26
41.1046  9.26
41.1419  9.26
41.1792  9.26
41.2166  9.26
41.2539  9.26
41.2912  9.26
41.3286  9.25
41.3659  9.25
41.4032  9.25
41.4406  9.25
41.4779  9.25
41.5152  9.24
41.5526  9.24
41.5899  9.24
41.6272  9.24
41.6646  9.24
41.7019  9.24
41.7392  9.24
41.7766  9.23
41.8139  9.23
41.8512  9.23
41.8886  9.23
41.9259  9.23
41.9632  9.23
42.0006  9.23
42.0379  9.23
42.0752  9.23
42.1126  9.23
42.1499  9.23
42.1872  9.23
42.2246  9.24
42.2619  9.24
42.2992  9.24
42.3366  9.24
42.3739  9.24
42.4112  9.24
42.4486  9.24
42.4859  9.24
42.5233  9.25
42.5606  9.25
42.5979  9.25
42.6353  9.25
42.6726  9.25
42.7099  9.25
42.7473  9.26
42.7846  9.26
42.8219  9.26
42.8593  9.26
42.8966  9.26
42.9339  9.27
42.9713  9.27
43.0086  9.27
43.0459  9.27
43.0833  9.27
43.1206  9.28
43.1579  9.28
43.1953  9.28
43.2326  9.28
43.2699  9.29
43.3073  9.29
43.3446  9.29
43.3819  9.29
43.4193  9.29
43.4566  9.3
43.4939  9.3
43.5313  9.3
43.5686  9.3
43.6059  9.31
43.6433  9.31
43.6806  9.31
43.7179  9.31
43.7553  9.32
43.7926  9.32
43.8299  9.32
43.8673  9.32
43.9046  9.32
43.9419  9.33
43.9793  9.33
44.0166  9.33
44.0539  9.33
44.0913  9.34
44.1286  9.34
44.1659  9.34
44.2033  9.34
44.2406  9.35
44.2779  9.35
44.3153  9.35
44.3526  9.35
44.3899  9.36
44.4273  9.36
44.4646  9.36
44.5019  9.36
44.5393  9.37
44.5766  9.37
44.6139  9.37
44.6513  9.38
44.6886  9.38
44.7259  9.38
44.7633  9.39
44.8006  9.39
44.8379  9.39
44.8753  9.4
44.9126  9.4
44.95  9.4
44.9873  9.4
45.0246  9.41
45.062  9.41
45.0993  9.41
45.1366  9.41
45.174  9.41
45.2113  9.41
45.2486  9.41
45.286  9.41
45.3233  9.41
45.3606  9.41
45.398  9.4
45.4353  9.4
45.4726  9.4
45.51  9.4
45.5473  9.39
45.5846  9.39
45.622  9.38
45.6593  9.38
45.6966  9.37
45.734  9.37
45.7713  9.37
45.8086  9.36
45.846  9.36
45.8833  9.35
45.9206  9.35
45.958  9.34
45.9953  9.34
46.0326  9.34
46.07  9.33
46.1073  9.33
46.1446  9.32
46.182  9.32
46.2193  9.31
46.2566  9.31
46.294  9.3
46.3313  9.3
46.3686  9.29
46.406  9.29
46.4433  9.28
46.4806  9.28
46.518  9.27
46.5553  9.27
46.5926  9.26
46.63  9.26
46.6673  9.25
46.7046  9.25
46.742  9.24
46.7793  9.24
46.8166  9.24
46.854  9.23
46.8913  9.23
46.9286  9.22
46.966  9.22
47.0033  9.22
47.0406  9.21
47.078  9.21
47.1153  9.2
47.1526  9.2
47.19  9.2
47.2273  9.19
47.2646  9.19
47.302  9.19
47.3393  9.19
47.3767  9.18
47.414  9.18
47.4513  9.18
47.4887  9.18
47.526  9.18
47.5633  9.17
47.6007  9.17
47.638  9.17
47.6753  9.17
47.7127  9.17
47.75  9.17
47.7873  9.17
47.8247  9.17
47.862  9.17
47.8993  9.17
47.9367  9.16
47.974  9.16
48.0113  9.16
48.0487  9.16
48.086  9.16
48.1233  9.15
48.1607  9.15
48.198  9.14
48.2353  9.14
48.2727  9.13
48.31  9.12
48.3473  9.11
48.3847  9.1
48.422  9.09
48.4593  9.08
48.4967  9.07
48.534  9.06
48.5713  9.05
48.6087  9.04
48.646  9.04
48.6833  9.03
48.7207  9.03
48.758  9.03
48.7953  9.03
48.8327  9.03
48.87  9.03
48.9073  9.03
48.9447  9.03
48.982  9.03
49.0193  9.04
49.0567  9.04
49.094  9.04
49.1313  9.05
49.1687  9.05
49.206  9.05
49.2433  9.06
49.2807  9.06
49.318  9.06
49.3553  9.06
49.3927  9.06
49.43  9.06
49.4673  9.06
49.5047  9.05
49.542  9.05
49.5793  9.05
49.6167  9.04
49.654  9.04
49.6913  9.03
49.7287  9.03
49.766  9.02
49.8034  9.02
49.8407  9.01
49.878  9.01
49.9154  9
49.9527  8.99
49.99  8.99
50.0274  8.98
50.0647  8.98
50.102  8.97
50.1394  8.97
50.1767  8.96
50.214  8.96
50.2514  8.96
50.2887  8.95
50.326  8.95
50.3634  8.94
50.4007  8.94
50.438  8.93
50.4754  8.93
50.5127  8.93
50.55  8.92
50.5874  8.92
50.6247  8.92
50.662  8.91
50.6994  8.91
50.7367  8.91
50.774  8.9
50.8114  8.9
50.8487  8.9
50.886  8.9
50.9234  8.89
50.9607  8.89
50.998  8.89
51.0354  8.89
51.0727  8.89
51.11  8.88
51.1474  8.88
51.1847  8.88
51.222  8.88
51.2594  8.88
51.2967  8.88
51.334  8.88
51.3714  8.88
51.4087  8.88
51.446  8.88
51.4834  8.88
51.5207  8.88
51.558  8.88
51.5954  8.88
51.6327  8.89
51.67  8.89
51.7074  8.89
51.7447  8.89
51.782  8.89
51.8194  8.9
51.8567  8.9
51.894  8.9
51.9314  8.9
51.9687  8.91
52.006  8.91
52.0434  8.91
52.0807  8.91
52.118  8.92
52.1554  8.92
52.1927  8.92
52.2301  8.93
52.2674  8.93
52.3047  8.93
52.3421  8.93
52.3794  8.94
52.4167  8.94
52.4541  8.94
52.4914  8.94
52.5287  8.94
52.5661  8.94
52.6034  8.94
52.6407  8.94
52.6781  8.94
52.7154  8.94
52.7527  8.93
52.7901  8.93
52.8274  8.93
52.8647  8.92
52.9021  8.92
52.9394  8.92
52.9767  8.91
53.0141  8.91
53.0514  8.91
53.0887  8.9
53.1261  8.9
53.1634  8.89
53.2007  8.89
53.2381  8.89
53.2754  8.88
53.3127  8.88
53.3501  8.87
53.3874  8.86
53.4247  8.86
53.4621  8.85
53.4994  8.84
53.5367  8.83
53.5741  8.83
53.6114  8.82
53.6487  8.8
53.6861  8.79
53.7234  8.78
53.7607  8.77
53.7981  8.75
53.8354  8.74
53.8727  8.73
53.9101  8.71
53.9474  8.7
53.9847  8.68
54.0221  8.67
54.0594  8.65
54.0967  8.64
54.1341  8.62
54.1714  8.61
54.2087  8.59
54.2461  8.58
54.2834  8.56
54.3207  8.54
54.3581  8.52
54.3954  8.5
54.4327  8.47
54.4701  8.45
54.5074  8.42
54.5447  8.39
54.5821  8.37
54.6194  8.34
54.6568  8.31
54.6941  8.27
54.7314  8.24
54.7688  8.2
54.8061  8.15
54.8434  8.1
54.8808  8.05
54.9181  8
54.9554  7.96
54.9928  7.94
55.0301  7.91
55.0674  7.9
55.1048  7.88
55.1421  7.87
55.1794  7.86
55.2168  7.85
55.2541  7.84
55.2914  7.83
55.3288  7.82
55.3661  7.8
55.4034  7.79
55.4408  7.78
55.4781  7.77
55.5154  7.75
55.5528  7.74
55.5901  7.73
55.6274  7.72
55.6648  7.72
55.7021  7.71
55.7394  7.71
55.7768  7.7
55.8141  7.7
55.8514  7.7
55.8888  7.7
55.9261  7.71
55.9634  7.71
56.0008  7.71
56.0381  7.71
56.0754  7.71
56.1128  7.71
56.1501  7.71
56.1874  7.71
56.2248  7.71
56.2621  7.7
56.2994  7.7
56.3368  7.69
56.3741  7.68
56.4114  7.67
56.4488  7.66
56.4861  7.65
56.5234  7.63
56.5608  7.62
56.5981  7.6
56.6354  7.59
56.6728  7.58
56.7101  7.56
56.7474  7.55
56.7848  7.54
56.8221  7.53
56.8594  7.53
56.8968  7.52
56.9341  7.51
56.9714  7.5
57.0088  7.5
57.0461  7.49
57.0835  7.49
57.1208  7.48
57.1581  7.48
57.1955  7.47
57.2328  7.47
57.2701  7.46
57.3075  7.46
57.3448  7.45
57.3821  7.45
57.4195  7.45
57.4568  7.44
57.4941  7.44
57.5315  7.44
57.5688  7.43
57.6061  7.43
57.6435  7.43
57.6808  7.43
57.7181  7.42
57.7555  7.42
57.7928  7.42
57.8301  7.42
57.8675  7.42
57.9048  7.41
57.9421  7.41
57.9795  7.41
58.0168  7.41
58.0541  7.41
58.0915  7.41
58.1288  7.41
58.1661  7.41
58.2035  7.41
58.2408  7.41
58.2781  7.41
58.3155  7.41
58.3528  7.41
58.3901  7.41
58.4275  7.41
58.4648  7.41
58.5021  7.41
58.5395  7.41
58.5768  7.41
58.6141  7.41
58.6515  7.41
58.6888  7.41
58.7261  7.41
58.7635  7.41
58.8008  7.41
58.8381  7.41
58.8755  7.42
58.9128  7.42
58.9501  7.42
58.9875  7.42
59.0248  7.42
59.0621  7.42
59.0995  7.42
59.1368  7.42
59.1741  7.42
59.2115  7.42
59.2488  7.43
59.2861  7.43
59.3235  7.43
59.3608  7.43
59.3981  7.43
59.4355  7.43
59.4728  7.44
59.5102  7.44
59.5475  7.44
59.5848  7.44
59.6222  7.44
59.6595  7.45
59.6968  7.45
59.7342  7.45
59.7715  7.45
59.8088  7.46
59.8462  7.46
59.8835  7.46
59.9208  7.47
59.9582  7.47
59.9955  7.47
60.0328  7.48
60.0702  7.48
60.1075  7.48
60.1448  7.49
60.1822  7.49
60.2195  7.49
60.2568  7.5
60.2942  7.5
60.3315  7.5
60.3688  7.51
60.4062  7.51
60.4435  7.51
60.4808  7.51
60.5182  7.51
60.5555  7.51
60.5928  7.51
60.6302  7.51
