#            iprt         eigenv.           conv.
         1.000000       -2.365483        1.000000
         2.000000       -0.959703        1.000000
         3.000000       -0.739023        1.000000
         4.000000       -0.724593        1.000000
         5.000000       -0.587861        1.000000
         6.000000       -0.507001        1.000000
         7.000000       -0.466903        1.000000
         8.000000       -0.324557        1.000000
         9.000000       -0.316318        1.000000
        10.000000       -0.303386        1.000000
        11.000000       -0.298452        1.000000
        12.000000       -0.293391        1.000000
        13.000000       -0.279519        1.000000
        14.000000       -0.242250        1.000000
        15.000000       -0.228774        1.000000
        16.000000       -0.210412        1.000000
        17.000000       -0.190103        1.000000
        18.000000       -0.181497        1.000000
        19.000000       -0.180946        1.000000
        20.000000       -0.156449        1.000000
        21.000000       -0.155502        1.000000
        22.000000       -0.153110        1.000000
        23.000000       -0.149813        1.000000
        24.000000       -0.149389        1.000000
        25.000000       -0.144886        1.000000
        26.000000       -0.104128        1.000000
        27.000000       -0.097623        1.000000
        28.000000       -0.094143        1.000000
        29.000000       -0.087649        1.000000
        30.000000       -0.082973        1.000000
        31.000000       -0.074059        1.000000
        32.000000       -0.073910        1.000000
        33.000000       -0.072817        1.000000
        34.000000       -0.065665        1.000000
        35.000000       -0.064859        1.000000
        36.000000       -0.062513        1.000000
        37.000000       -0.061238        1.000000
        38.000000       -0.060409        1.000000
        39.000000       -0.059484        1.000000
        40.000000       -0.058216        1.000000
        41.000000       -0.056807        1.000000
        42.000000       -0.055106        1.000000
        43.000000       -0.054892        1.000000
        44.000000       -0.053340        1.000000
        45.000000       -0.051171        1.000000
        46.000000       -0.048792        1.000000
        47.000000       -0.045366        1.000000
        48.000000       -0.044876        1.000000
        49.000000       -0.044809        1.000000
        50.000000       -0.044589        1.000000
        51.000000       -0.041191        1.000000
        52.000000       -0.038068        1.000000
        53.000000       -0.035869        1.000000
        54.000000       -0.035785        1.000000
        55.000000       -0.034517        1.000000
        56.000000       -0.033018        1.000000
        57.000000       -0.032996        1.000000
        58.000000       -0.032958        1.000000
        59.000000       -0.032093        1.000000
        60.000000       -0.031838        1.000000
        61.000000       -0.030803        1.000000
        62.000000       -0.030230        1.000000
        63.000000       -0.028547        1.000000
        64.000000       -0.028493        1.000000
        65.000000       -0.028487        1.000000
        66.000000       -0.028288        1.000000
        67.000000       -0.028196        1.000000
        68.000000       -0.027951        1.000000
        69.000000       -0.027748        1.000000
        70.000000       -0.026963        1.000000
        71.000000       -0.025697        1.000000
        72.000000       -0.025102        1.000000
        73.000000       -0.025022        1.000000
        74.000000       -0.024946        1.000000
        75.000000       -0.024233        1.000000
        76.000000       -0.024122        1.000000
        77.000000       -0.023934        1.000000
        78.000000       -0.023442        1.000000
        79.000000       -0.023102        1.000000
        80.000000       -0.022978        1.000000
        81.000000       -0.022058        1.000000
        82.000000       -0.021538        1.000000
        83.000000       -0.020428        1.000000
        84.000000       -0.020237        1.000000
        85.000000       -0.020192        1.000000
        86.000000       -0.019866        1.000000
        87.000000       -0.019803        1.000000
        88.000000       -0.019713        1.000000
        89.000000       -0.017974        1.000000
        90.000000       -0.017628        1.000000
        91.000000       -0.017603        1.000000
        92.000000       -0.017552        1.000000
        93.000000       -0.017340        1.000000
        94.000000       -0.017156        1.000000
        95.000000       -0.016423        1.000000
        96.000000       -0.016320        1.000000
        97.000000       -0.016283        1.000000
        98.000000       -0.015832        1.000000
        99.000000       -0.015822        1.000000
       100.000000       -0.015578        1.000000
       101.000000       -0.015347        1.000000
       102.000000       -0.015186        1.000000
       103.000000       -0.014856        1.000000
       104.000000       -0.014850        1.000000
       105.000000       -0.014845        1.000000
       106.000000       -0.014520        1.000000
       107.000000       -0.014450        1.000000
       108.000000       -0.014427        1.000000
       109.000000       -0.014424        1.000000
       110.000000       -0.014279        1.000000
       111.000000       -0.013879        1.000000
       112.000000       -0.013675        1.000000
       113.000000       -0.013379        1.000000
       114.000000       -0.013233        1.000000
       115.000000       -0.013207        1.000000
       116.000000       -0.013172        1.000000
       117.000000       -0.013078        1.000000
       118.000000       -0.013074        1.000000
       119.000000       -0.012794        1.000000
       120.000000       -0.012382        1.000000
       121.000000       -0.012219        1.000000
       122.000000       -0.012189        1.000000
       123.000000       -0.012075        1.000000
       124.000000       -0.011943        1.000000
       125.000000       -0.011546        1.000000
       126.000000       -0.011545        1.000000
       127.000000       -0.011517        1.000000
       128.000000       -0.011509        1.000000
       129.000000       -0.011271        1.000000
       130.000000       -0.011094        1.000000
       131.000000       -0.011090        1.000000
       132.000000       -0.010724        1.000000
       133.000000       -0.010487        1.000000
       134.000000       -0.010320        1.000000
       135.000000       -0.010283        1.000000
       136.000000       -0.010138        1.000000
       137.000000       -0.009926        1.000000
       138.000000       -0.009842        1.000000
       139.000000       -0.009772        1.000000
       140.000000       -0.009734        1.000000
       141.000000       -0.009696        1.000000
       142.000000       -0.009416        1.000000
       143.000000       -0.009381        1.000000
       144.000000       -0.009270        1.000000
       145.000000       -0.009249        1.000000
       146.000000       -0.009196        1.000000
       147.000000       -0.009083        1.000000
       148.000000       -0.009080        1.000000
       149.000000       -0.008942        1.000000
       150.000000       -0.008926        1.000000
       151.000000       -0.008919        1.000000
       152.000000       -0.008909        1.000000
       153.000000       -0.008707        1.000000
       154.000000       -0.008659        1.000000
       155.000000       -0.008515        1.000000
       156.000000       -0.008512        1.000000
       157.000000       -0.008348        1.000000
       158.000000       -0.008279        1.000000
       159.000000       -0.008248        1.000000
       160.000000       -0.008141        1.000000
       161.000000       -0.008137        1.000000
       162.000000       -0.008043        1.000000
       163.000000       -0.007954        1.000000
       164.000000       -0.007847        1.000000
       165.000000       -0.007844        1.000000
       166.000000       -0.007812        1.000000
       167.000000       -0.007729        1.000000
       168.000000       -0.007621        1.000000
       169.000000       -0.007570        1.000000
       170.000000       -0.007555        1.000000
       171.000000       -0.007472        1.000000
       172.000000       -0.007444        1.000000
       173.000000       -0.007418        1.000000
       174.000000       -0.007235        1.000000
       175.000000       -0.007226        1.000000
       176.000000       -0.007123        1.000000
       177.000000       -0.007103        1.000000
       178.000000       -0.007057        1.000000
       179.000000       -0.007022        1.000000
       180.000000       -0.006972        1.000000
       181.000000       -0.006951        1.000000
       182.000000       -0.006841        1.000000
       183.000000       -0.006792        1.000000
       184.000000       -0.006767        1.000000
       185.000000       -0.006687        1.000000
       186.000000       -0.006474        1.000000
       187.000000       -0.006422        1.000000
       188.000000       -0.006419        1.000000
       189.000000       -0.006317        1.000000
       190.000000       -0.006313        1.000000
       191.000000       -0.006257        1.000000
       192.000000       -0.006203        1.000000
       193.000000       -0.006140        1.000000
       194.000000       -0.006100        1.000000
       195.000000       -0.006064        1.000000
       196.000000       -0.005958        1.000000
       197.000000       -0.005886        1.000000
       198.000000       -0.005879        1.000000
       199.000000       -0.005870        1.000000
       200.000000       -0.005846        1.000000
       201.000000       -0.005839        1.000000
       202.000000       -0.005818        1.000000
       203.000000       -0.005805        1.000000
       204.000000       -0.005748        1.000000
       205.000000       -0.005732        1.000000
       206.000000       -0.005581        1.000000
       207.000000       -0.005535        1.000000
       208.000000       -0.005515        1.000000
       209.000000       -0.005474        1.000000
       210.000000       -0.005401        1.000000
       211.000000       -0.005392        1.000000
       212.000000       -0.005379        1.000000
       213.000000       -0.005376        1.000000
       214.000000       -0.005375        1.000000
       215.000000       -0.005348        1.000000
       216.000000       -0.005326        1.000000
       217.000000       -0.005279        1.000000
       218.000000       -0.005223        1.000000
       219.000000       -0.005218        1.000000
       220.000000       -0.005138        1.000000
       221.000000       -0.005067        1.000000
       222.000000       -0.004984        1.000000
       223.000000       -0.004944        1.000000
       224.000000       -0.004898        1.000000
       225.000000       -0.004893        1.000000
       226.000000       -0.004883        1.000000
       227.000000       -0.004874        1.000000
       228.000000       -0.004863        1.000000
       229.000000       -0.004840        1.000000
       230.000000       -0.004828        1.000000
       231.000000       -0.004749        1.000000
       232.000000       -0.004715        1.000000
       233.000000       -0.004706        1.000000
       234.000000       -0.004663        1.000000
       235.000000       -0.004658        1.000000
       236.000000       -0.004543        1.000000
       237.000000       -0.004543        1.000000
       238.000000       -0.004537        1.000000
       239.000000       -0.004519        1.000000
       240.000000       -0.004517        1.000000
       241.000000       -0.004515        1.000000
       242.000000       -0.004510        1.000000
       243.000000       -0.004477        1.000000
       244.000000       -0.004473        1.000000
       245.000000       -0.004426        1.000000
       246.000000       -0.004334        1.000000
       247.000000       -0.004280        1.000000
       248.000000       -0.004253        1.000000
       249.000000       -0.004224        1.000000
       250.000000       -0.004210        1.000000
       251.000000       -0.004207        1.000000
       252.000000       -0.004182        1.000000
       253.000000       -0.004129        1.000000
       254.000000       -0.004086        1.000000
       255.000000       -0.004055        1.000000
       256.000000       -0.004034        1.000000
       257.000000       -0.003994        1.000000
       258.000000       -0.003976        1.000000
       259.000000       -0.003974        1.000000
       260.000000       -0.003924        1.000000
       261.000000       -0.003923        1.000000
       262.000000       -0.003864        1.000000
       263.000000       -0.003861        1.000000
       264.000000       -0.003846        1.000000
       265.000000       -0.003819        1.000000
       266.000000       -0.003805        1.000000
       267.000000       -0.003802        1.000000
       268.000000       -0.003744        1.000000
       269.000000       -0.003710        1.000000
       270.000000       -0.003704        1.000000
       271.000000       -0.003703        1.000000
       272.000000       -0.003695        1.000000
       273.000000       -0.003662        1.000000
       274.000000       -0.003641        1.000000
       275.000000       -0.003625        1.000000
       276.000000       -0.003609        1.000000
       277.000000       -0.003602        1.000000
       278.000000       -0.003558        1.000000
       279.000000       -0.003549        1.000000
       280.000000       -0.003494        1.000000
       281.000000       -0.003467        1.000000
       282.000000       -0.003444        1.000000
       283.000000       -0.003424        1.000000
       284.000000       -0.003411        1.000000
       285.000000       -0.003401        1.000000
       286.000000       -0.003393        1.000000
       287.000000       -0.003388        1.000000
       288.000000       -0.003373        1.000000
       289.000000       -0.003369        1.000000
       290.000000       -0.003368        1.000000
       291.000000       -0.003362        1.000000
       292.000000       -0.003348        1.000000
       293.000000       -0.003344        1.000000
       294.000000       -0.003338        1.000000
       295.000000       -0.003328        1.000000
       296.000000       -0.003242        1.000000
       297.000000       -0.003242        1.000000
       298.000000       -0.003162        1.000000
       299.000000       -0.003156        1.000000
       300.000000       -0.003123        1.000000
       301.000000       -0.003110        1.000000
       302.000000       -0.003101        1.000000
       303.000000       -0.003100        1.000000
       304.000000       -0.003094        1.000000
       305.000000       -0.003083        1.000000
       306.000000       -0.003071        1.000000
       307.000000       -0.003057        1.000000
       308.000000       -0.003055        1.000000
       309.000000       -0.003019        1.000000
       310.000000       -0.003007        1.000000
       311.000000       -0.003003        1.000000
       312.000000       -0.003003        1.000000
       313.000000       -0.003001        1.000000
       314.000000       -0.002995        1.000000
       315.000000       -0.002951        1.000000
       316.000000       -0.002939        1.000000
       317.000000       -0.002933        1.000000
       318.000000       -0.002895        1.000000
       319.000000       -0.002889        1.000000
       320.000000       -0.002861        1.000000
       321.000000       -0.002847        1.000000
       322.000000       -0.002842        1.000000
       323.000000       -0.002815        1.000000
       324.000000       -0.002806        1.000000
       325.000000       -0.002805        1.000000
       326.000000       -0.002776        1.000000
       327.000000       -0.002774        1.000000
       328.000000       -0.002741        1.000000
       329.000000       -0.002738        1.000000
       330.000000       -0.002710        1.000000
       331.000000       -0.002708        1.000000
       332.000000       -0.002687        1.000000
       333.000000       -0.002658        1.000000
       334.000000       -0.002646        1.000000
       335.000000       -0.002630        1.000000
       336.000000       -0.002618        1.000000
       337.000000       -0.002610        1.000000
       338.000000       -0.002605        1.000000
       339.000000       -0.002581        1.000000
       340.000000       -0.002565        1.000000
       341.000000       -0.002558        1.000000
       342.000000       -0.002552        1.000000
       343.000000       -0.002545        1.000000
       344.000000       -0.002534        1.000000
       345.000000       -0.002531        1.000000
       346.000000       -0.002527        1.000000
       347.000000       -0.002525        1.000000
       348.000000       -0.002509        1.000000
       349.000000       -0.002497        1.000000
       350.000000       -0.002453        1.000000
       351.000000       -0.002446        1.000000
       352.000000       -0.002425        1.000000
       353.000000       -0.002420        1.000000
       354.000000       -0.002398        1.000000
       355.000000       -0.002392        1.000000
       356.000000       -0.002372        1.000000
       357.000000       -0.002357        1.000000
       358.000000       -0.002356        1.000000
       359.000000       -0.002339        1.000000
       360.000000       -0.002338        1.000000
       361.000000       -0.002310        1.000000
       362.000000       -0.002309        1.000000
       363.000000       -0.002286        1.000000
       364.000000       -0.002284        1.000000
       365.000000       -0.002267        1.000000
       366.000000       -0.002260        1.000000
       367.000000       -0.002257        1.000000
       368.000000       -0.002257        1.000000
       369.000000       -0.002257        1.000000
       370.000000       -0.002244        1.000000
       371.000000       -0.002240        1.000000
       372.000000       -0.002233        1.000000
       373.000000       -0.002227        1.000000
       374.000000       -0.002224        1.000000
       375.000000       -0.002224        1.000000
       376.000000       -0.002215        1.000000
       377.000000       -0.002206        1.000000
       378.000000       -0.002204        1.000000
       379.000000       -0.002170        1.000000
       380.000000       -0.002167        1.000000
       381.000000       -0.002167        1.000000
       382.000000       -0.002164        1.000000
       383.000000       -0.002164        1.000000
       384.000000       -0.002140        1.000000
       385.000000       -0.002138        1.000000
       386.000000       -0.002116        1.000000
       387.000000       -0.002115        1.000000
       388.000000       -0.002056        1.000000
       389.000000       -0.002048        1.000000
       390.000000       -0.002029        1.000000
       391.000000       -0.002028        1.000000
       392.000000       -0.002026        1.000000
       393.000000       -0.002024        1.000000
       394.000000       -0.002019        1.000000
       395.000000       -0.002017        1.000000
       396.000000       -0.002007        1.000000
       397.000000       -0.001997        1.000000
       398.000000       -0.001996        1.000000
       399.000000       -0.001993        1.000000
       400.000000       -0.001982        1.000000
       401.000000       -0.001972        1.000000
       402.000000       -0.001970        1.000000
       403.000000       -0.001959        1.000000
       404.000000       -0.001957        1.000000
       405.000000       -0.001947        1.000000
       406.000000       -0.001933        1.000000
       407.000000       -0.001904        1.000000
       408.000000       -0.001903        1.000000
       409.000000       -0.001898        1.000000
       410.000000       -0.001885        1.000000
       411.000000       -0.001883        1.000000
       412.000000       -0.001873        1.000000
       413.000000       -0.001864        1.000000
       414.000000       -0.001862        1.000000
       415.000000       -0.001859        1.000000
       416.000000       -0.001854        1.000000
       417.000000       -0.001836        1.000000
       418.000000       -0.001836        1.000000
       419.000000       -0.001832        1.000000
       420.000000       -0.001829        1.000000
       421.000000       -0.001829        1.000000
       422.000000       -0.001788        1.000000
       423.000000       -0.001781        1.000000
       424.000000       -0.001774        1.000000
       425.000000       -0.001767        1.000000
       426.000000       -0.001760        1.000000
       427.000000       -0.001751        1.000000
       428.000000       -0.001737        1.000000
       429.000000       -0.001727        1.000000
       430.000000       -0.001725        1.000000
       431.000000       -0.001718        1.000000
       432.000000       -0.001713        1.000000
       433.000000       -0.001708        1.000000
       434.000000       -0.001708        1.000000
       435.000000       -0.001698        1.000000
       436.000000       -0.001697        1.000000
       437.000000       -0.001691        1.000000
       438.000000       -0.001689        1.000000
       439.000000       -0.001671        1.000000
       440.000000       -0.001666        1.000000
       441.000000       -0.001665        1.000000
       442.000000       -0.001664        1.000000
       443.000000       -0.001664        1.000000
       444.000000       -0.001663        1.000000
       445.000000       -0.001653        1.000000
       446.000000       -0.001651        1.000000
       447.000000       -0.001646        1.000000
       448.000000       -0.001637        1.000000
       449.000000       -0.001631        1.000000
       450.000000       -0.001629        1.000000
       451.000000       -0.001625        1.000000
       452.000000       -0.001607        1.000000
       453.000000       -0.001603        1.000000
       454.000000       -0.001588        1.000000
       455.000000       -0.001569        1.000000
       456.000000       -0.001568        1.000000
       457.000000       -0.001550        1.000000
       458.000000       -0.001549        1.000000
       459.000000       -0.001547        1.000000
       460.000000       -0.001547        1.000000
       461.000000       -0.001542        1.000000
       462.000000       -0.001537        1.000000
       463.000000       -0.001533        1.000000
       464.000000       -0.001521        1.000000
       465.000000       -0.001520        1.000000
       466.000000       -0.001504        1.000000
       467.000000       -0.001489        1.000000
       468.000000       -0.001488        1.000000
       469.000000       -0.001481        1.000000
       470.000000       -0.001479        1.000000
       471.000000       -0.001472        1.000000
       472.000000       -0.001467        1.000000
       473.000000       -0.001466        1.000000
       474.000000       -0.001463        1.000000
       475.000000       -0.001460        1.000000
       476.000000       -0.001456        1.000000
       477.000000       -0.001455        1.000000
       478.000000       -0.001449        1.000000
       479.000000       -0.001447        1.000000
       480.000000       -0.001446        1.000000
       481.000000       -0.001443        1.000000
       482.000000       -0.001438        1.000000
       483.000000       -0.001435        1.000000
       484.000000       -0.001428        1.000000
       485.000000       -0.001420        1.000000
       486.000000       -0.001419        1.000000
       487.000000       -0.001414        1.000000
       488.000000       -0.001409        1.000000
       489.000000       -0.001408        1.000000
       490.000000       -0.001392        1.000000
       491.000000       -0.001390        1.000000
       492.000000       -0.001384        1.000000
       493.000000       -0.001369        1.000000
       494.000000       -0.001367        1.000000
       495.000000       -0.001362        1.000000
       496.000000       -0.001360        1.000000
       497.000000       -0.001353        1.000000
       498.000000       -0.001348        1.000000
       499.000000       -0.001346        1.000000
       500.000000       -0.001342        0.000000
