#            iprt         eigenv.           conv.
         1.000000       -4.095900        0.000000
         2.000000       -1.314428        0.000000
         3.000000       -1.162171        1.000000
         4.000000       -1.162152        1.000000
         5.000000       -0.770608        1.000000
         6.000000       -0.770598        1.000000
         7.000000       -0.647822        0.000000
         8.000000       -0.586830        0.000000
         9.000000       -0.519063        0.000000
        10.000000       -0.519055        0.000000
        11.000000       -0.423000        0.000000
        12.000000       -0.365088        1.000000
        13.000000       -0.365086        1.000000
        14.000000       -0.341514        0.000000
        15.000000       -0.331013        1.000000
        16.000000       -0.331010        1.000000
        17.000000       -0.305966        0.000000
        18.000000       -0.276265        1.000000
        19.000000       -0.276260        1.000000
        20.000000       -0.230272        1.000000
        21.000000       -0.230266        1.000000
        22.000000       -0.218462        0.000000
        23.000000       -0.188856        0.000000
        24.000000       -0.182333        1.000000
        25.000000       -0.182330        1.000000
        26.000000       -0.164382        1.000000
        27.000000       -0.164378        1.000000
        28.000000       -0.149394        1.000000
        29.000000       -0.149391        1.000000
        30.000000       -0.148672        1.000000
        31.000000       -0.148654        1.000000
        32.000000       -0.136060        0.000000
        33.000000       -0.127730        1.000000
        34.000000       -0.127709        0.000000
        35.000000       -0.114514        0.000000
        36.000000       -0.111200        1.000000
        37.000000       -0.111199        1.000000
        38.000000       -0.110271        0.000000
        39.000000       -0.099565        1.000000
        40.000000       -0.099560        1.000000
        41.000000       -0.090035        1.000000
        42.000000       -0.090034        1.000000
        43.000000       -0.086615        1.000000
        44.000000       -0.086615        1.000000
        45.000000       -0.079197        0.000000
        46.000000       -0.073636        1.000000
        47.000000       -0.066167        1.000000
        48.000000       -0.066166        1.000000
        49.000000       -0.064901        1.000000
        50.000000       -0.064900        1.000000
        51.000000       -0.063391        1.000000
        52.000000       -0.063391        1.000000
        53.000000       -0.062868        1.000000
        54.000000       -0.055817        1.000000
        55.000000       -0.055815        1.000000
        56.000000       -0.054278        1.000000
        57.000000       -0.053517        1.000000
        58.000000       -0.053517        1.000000
        59.000000       -0.052743        1.000000
        60.000000       -0.052742        1.000000
        61.000000       -0.051560        1.000000
        62.000000       -0.051559        1.000000
        63.000000       -0.045294        1.000000
        64.000000       -0.044329        1.000000
        65.000000       -0.044328        1.000000
        66.000000       -0.043802        1.000000
        67.000000       -0.043802        1.000000
        68.000000       -0.043478        1.000000
        69.000000       -0.041552        1.000000
        70.000000       -0.041548        1.000000
        71.000000       -0.039553        1.000000
        72.000000       -0.039220        1.000000
        73.000000       -0.039219        1.000000
        74.000000       -0.036577        1.000000
        75.000000       -0.036577        1.000000
        76.000000       -0.036356        1.000000
        77.000000       -0.036356        1.000000
        78.000000       -0.036289        1.000000
        79.000000       -0.036281        1.000000
        80.000000       -0.035922        1.000000
        81.000000       -0.035922        1.000000
        82.000000       -0.033987        1.000000
        83.000000       -0.033559        1.000000
        84.000000       -0.033556        1.000000
        85.000000       -0.031657        1.000000
        86.000000       -0.030649        1.000000
        87.000000       -0.030648        1.000000
        88.000000       -0.029769        0.000000
        89.000000       -0.029060        1.000000
        90.000000       -0.029057        1.000000
        91.000000       -0.028496        1.000000
        92.000000       -0.028496        1.000000
        93.000000       -0.027376        1.000000
        94.000000       -0.027376        1.000000
        95.000000       -0.026767        0.000000
        96.000000       -0.026031        1.000000
        97.000000       -0.026030        0.000000
        98.000000       -0.024966        1.000000
        99.000000       -0.024966        1.000000
       100.000000       -0.024347        1.000000
       101.000000       -0.024347        1.000000
       102.000000       -0.023758        1.000000
       103.000000       -0.023758        1.000000
       104.000000       -0.023061        1.000000
       105.000000       -0.023061        1.000000
       106.000000       -0.022729        1.000000
       107.000000       -0.021956        1.000000
       108.000000       -0.021956        1.000000
       109.000000       -0.021343        1.000000
       110.000000       -0.021343        1.000000
       111.000000       -0.021289        1.000000
       112.000000       -0.021207        1.000000
       113.000000       -0.021207        1.000000
       114.000000       -0.020798        1.000000
       115.000000       -0.020670        1.000000
       116.000000       -0.020669        0.000000
       117.000000       -0.020125        1.000000
       118.000000       -0.020125        1.000000
       119.000000       -0.020040        1.000000
       120.000000       -0.020039        1.000000
       121.000000       -0.019652        1.000000
       122.000000       -0.019651        1.000000
       123.000000       -0.018628        0.000000
       124.000000       -0.018014        1.000000
       125.000000       -0.018014        1.000000
       126.000000       -0.017793        1.000000
       127.000000       -0.017791        1.000000
       128.000000       -0.017742        1.000000
       129.000000       -0.017742        1.000000
       130.000000       -0.017661        1.000000
       131.000000       -0.017661        1.000000
       132.000000       -0.017496        1.000000
       133.000000       -0.017461        1.000000
       134.000000       -0.017460        1.000000
       135.000000       -0.017165        1.000000
       136.000000       -0.017164        1.000000
       137.000000       -0.016498        0.000000
       138.000000       -0.016311        1.000000
       139.000000       -0.016311        0.000000
       140.000000       -0.016287        0.000000
       141.000000       -0.016283        0.000000
       142.000000       -0.015394        0.000000
       143.000000       -0.014800        1.000000
       144.000000       -0.014800        1.000000
       145.000000       -0.014750        1.000000
       146.000000       -0.014750        1.000000
       147.000000       -0.014633        1.000000
       148.000000       -0.014633        1.000000
       149.000000       -0.014617        0.000000
       150.000000       -0.014613        0.000000
       151.000000       -0.014329        1.000000
       152.000000       -0.013690        1.000000
       153.000000       -0.013688        0.000000
       154.000000       -0.013492        1.000000
       155.000000       -0.013432        1.000000
       156.000000       -0.013431        0.000000
       157.000000       -0.013095        1.000000
       158.000000       -0.013095        1.000000
       159.000000       -0.012949        1.000000
       160.000000       -0.012949        1.000000
       161.000000       -0.012800        1.000000
       162.000000       -0.012798        1.000000
       163.000000       -0.012693        1.000000
       164.000000       -0.012692        1.000000
       165.000000       -0.012301        1.000000
       166.000000       -0.012301        1.000000
       167.000000       -0.012275        1.000000
       168.000000       -0.012275        0.000000
       169.000000       -0.012034        0.000000
       170.000000       -0.011690        1.000000
       171.000000       -0.011688        1.000000
       172.000000       -0.011663        1.000000
       173.000000       -0.011662        1.000000
       174.000000       -0.011641        0.000000
       175.000000       -0.011637        0.000000
       176.000000       -0.011527        0.000000
       177.000000       -0.011444        0.000000
       178.000000       -0.011356        0.000000
       179.000000       -0.011355        0.000000
       180.000000       -0.011149        0.000000
       181.000000       -0.011147        0.000000
       182.000000       -0.010905        1.000000
       183.000000       -0.010904        0.000000
       184.000000       -0.010899        0.000000
       185.000000       -0.010899        0.000000
       186.000000       -0.010852        0.000000
       187.000000       -0.010849        0.000000
       188.000000       -0.010716        0.000000
       189.000000       -0.010714        0.000000
       190.000000       -0.010515        0.000000
       191.000000       -0.010191        0.000000
       192.000000       -0.009885        1.000000
       193.000000       -0.009884        1.000000
       194.000000       -0.009785        1.000000
       195.000000       -0.009782        0.000000
       196.000000       -0.009751        0.000000
       197.000000       -0.009749        0.000000
       198.000000       -0.009672        0.000000
       199.000000       -0.009672        0.000000
       200.000000       -0.009670        0.000000
       201.000000       -0.009668        0.000000
       202.000000       -0.009617        0.000000
       203.000000       -0.009616        0.000000
       204.000000       -0.009471        0.000000
       205.000000       -0.009465        0.000000
       206.000000       -0.009177        0.000000
       207.000000       -0.009042        0.000000
       208.000000       -0.009038        0.000000
       209.000000       -0.008973        0.000000
       210.000000       -0.008972        0.000000
       211.000000       -0.008936        0.000000
       212.000000       -0.008934        0.000000
       213.000000       -0.008914        0.000000
       214.000000       -0.008798        0.000000
       215.000000       -0.008790        0.000000
       216.000000       -0.008647        0.000000
       217.000000       -0.008644        0.000000
       218.000000       -0.008555        0.000000
       219.000000       -0.008398        0.000000
       220.000000       -0.008397        0.000000
       221.000000       -0.008352        0.000000
       222.000000       -0.008351        0.000000
       223.000000       -0.008300        0.000000
       224.000000       -0.008295        0.000000
       225.000000       -0.008275        0.000000
       226.000000       -0.008274        0.000000
       227.000000       -0.008115        0.000000
       228.000000       -0.008108        0.000000
       229.000000       -0.008085        0.000000
       230.000000       -0.007800        0.000000
       231.000000       -0.007796        0.000000
       232.000000       -0.007485        0.000000
       233.000000       -0.007478        0.000000
       234.000000       -0.007476        0.000000
       235.000000       -0.007472        0.000000
       236.000000       -0.007406        0.000000
       237.000000       -0.007401        0.000000
       238.000000       -0.007391        0.000000
       239.000000       -0.007386        0.000000
       240.000000       -0.007381        0.000000
       241.000000       -0.007375        0.000000
       242.000000       -0.007368        0.000000
       243.000000       -0.007252        0.000000
       244.000000       -0.007247        0.000000
       245.000000       -0.007148        0.000000
       246.000000       -0.007140        0.000000
       247.000000       -0.007137        0.000000
       248.000000       -0.007129        0.000000
       249.000000       -0.007001        0.000000
       250.000000       -0.006994        0.000000
       251.000000       -0.006992        0.000000
       252.000000       -0.006917        0.000000
       253.000000       -0.006910        0.000000
       254.000000       -0.006880        0.000000
       255.000000       -0.006876        0.000000
       256.000000       -0.006867        0.000000
       257.000000       -0.006754        0.000000
       258.000000       -0.006750        0.000000
       259.000000       -0.006738        0.000000
       260.000000       -0.006727        0.000000
       261.000000       -0.006718        0.000000
       262.000000       -0.006616        0.000000
       263.000000       -0.006606        0.000000
       264.000000       -0.006572        0.000000
       265.000000       -0.006569        0.000000
       266.000000       -0.006365        0.000000
       267.000000       -0.006358        0.000000
       268.000000       -0.006355        0.000000
       269.000000       -0.006351        0.000000
       270.000000       -0.006335        0.000000
       271.000000       -0.006330        0.000000
       272.000000       -0.006295        0.000000
       273.000000       -0.006287        0.000000
       274.000000       -0.006274        0.000000
       275.000000       -0.006257        0.000000
       276.000000       -0.006251        0.000000
       277.000000       -0.006183        0.000000
       278.000000       -0.005932        0.000000
       279.000000       -0.005913        0.000000
       280.000000       -0.005904        0.000000
       281.000000       -0.005891        0.000000
       282.000000       -0.005884        0.000000
       283.000000       -0.005867        0.000000
       284.000000       -0.005858        0.000000
       285.000000       -0.005780        0.000000
       286.000000       -0.005768        0.000000
       287.000000       -0.005739        0.000000
       288.000000       -0.005733        0.000000
       289.000000       -0.005720        0.000000
       290.000000       -0.005708        0.000000
       291.000000       -0.005688        0.000000
       292.000000       -0.005684        0.000000
       293.000000       -0.005657        0.000000
       294.000000       -0.005651        0.000000
       295.000000       -0.005617        0.000000
       296.000000       -0.005601        0.000000
       297.000000       -0.005464        0.000000
       298.000000       -0.005452        0.000000
       299.000000       -0.005428        0.000000
       300.000000       -0.005422        0.000000
       301.000000       -0.005379        0.000000
       302.000000       -0.005373        0.000000
       303.000000       -0.005327        0.000000
       304.000000       -0.005316        0.000000
       305.000000       -0.005239        0.000000
       306.000000       -0.005231        0.000000
       307.000000       -0.005221        0.000000
       308.000000       -0.005210        0.000000
       309.000000       -0.005195        0.000000
       310.000000       -0.005142        0.000000
       311.000000       -0.005137        0.000000
       312.000000       -0.005127        0.000000
       313.000000       -0.005057        0.000000
       314.000000       -0.005048        0.000000
       315.000000       -0.005044        0.000000
       316.000000       -0.005038        0.000000
       317.000000       -0.004987        0.000000
       318.000000       -0.004972        0.000000
       319.000000       -0.004954        0.000000
       320.000000       -0.004946        0.000000
       321.000000       -0.004945        0.000000
       322.000000       -0.004913        0.000000
       323.000000       -0.004896        0.000000
       324.000000       -0.004867        0.000000
       325.000000       -0.004843        0.000000
       326.000000       -0.004810        0.000000
       327.000000       -0.004799        0.000000
       328.000000       -0.004749        0.000000
       329.000000       -0.004726        0.000000
       330.000000       -0.004707        0.000000
       331.000000       -0.004552        0.000000
       332.000000       -0.004537        0.000000
       333.000000       -0.004534        0.000000
       334.000000       -0.004507        0.000000
       335.000000       -0.004494        0.000000
       336.000000       -0.004492        0.000000
       337.000000       -0.004479        0.000000
       338.000000       -0.004470        0.000000
       339.000000       -0.004449        0.000000
       340.000000       -0.004437        0.000000
       341.000000       -0.004426        0.000000
       342.000000       -0.004397        0.000000
       343.000000       -0.004382        0.000000
       344.000000       -0.004362        0.000000
       345.000000       -0.004355        0.000000
       346.000000       -0.004337        0.000000
       347.000000       -0.004325        0.000000
       348.000000       -0.004311        0.000000
       349.000000       -0.004306        0.000000
       350.000000       -0.004301        0.000000
       351.000000       -0.004253        0.000000
       352.000000       -0.004240        0.000000
       353.000000       -0.004233        0.000000
       354.000000       -0.004218        0.000000
       355.000000       -0.004195        0.000000
       356.000000       -0.004163        0.000000
       357.000000       -0.004142        0.000000
       358.000000       -0.004121        0.000000
       359.000000       -0.004117        0.000000
       360.000000       -0.004106        0.000000
       361.000000       -0.004090        0.000000
       362.000000       -0.004071        0.000000
       363.000000       -0.004057        0.000000
       364.000000       -0.004051        0.000000
       365.000000       -0.004038        0.000000
       366.000000       -0.004019        0.000000
       367.000000       -0.003993        0.000000
       368.000000       -0.003980        0.000000
       369.000000       -0.003975        0.000000
       370.000000       -0.003963        0.000000
       371.000000       -0.003924        0.000000
       372.000000       -0.003916        0.000000
       373.000000       -0.003901        0.000000
       374.000000       -0.003880        0.000000
       375.000000       -0.003878        0.000000
       376.000000       -0.003868        0.000000
       377.000000       -0.003854        0.000000
       378.000000       -0.003828        0.000000
       379.000000       -0.003825        0.000000
       380.000000       -0.003814        0.000000
       381.000000       -0.003804        0.000000
       382.000000       -0.003801        0.000000
       383.000000       -0.003781        0.000000
       384.000000       -0.003707        0.000000
       385.000000       -0.003701        0.000000
       386.000000       -0.003671        0.000000
       387.000000       -0.003664        0.000000
       388.000000       -0.003662        0.000000
       389.000000       -0.003643        0.000000
       390.000000       -0.003624        0.000000
       391.000000       -0.003612        0.000000
       392.000000       -0.003591        0.000000
       393.000000       -0.003590        0.000000
       394.000000       -0.003530        0.000000
       395.000000       -0.003518        0.000000
       396.000000       -0.003504        0.000000
       397.000000       -0.003497        0.000000
       398.000000       -0.003489        0.000000
       399.000000       -0.003475        0.000000
       400.000000       -0.003469        0.000000
       401.000000       -0.003466        0.000000
       402.000000       -0.003454        0.000000
       403.000000       -0.003436        0.000000
       404.000000       -0.003433        0.000000
       405.000000       -0.003410        0.000000
       406.000000       -0.003399        0.000000
       407.000000       -0.003389        0.000000
       408.000000       -0.003385        0.000000
       409.000000       -0.003363        0.000000
       410.000000       -0.003339        0.000000
       411.000000       -0.003330        0.000000
       412.000000       -0.003325        0.000000
       413.000000       -0.003320        0.000000
       414.000000       -0.003298        0.000000
       415.000000       -0.003281        0.000000
       416.000000       -0.003269        0.000000
       417.000000       -0.003225        0.000000
       418.000000       -0.003203        0.000000
       419.000000       -0.003179        0.000000
       420.000000       -0.003172        0.000000
       421.000000       -0.003162        0.000000
       422.000000       -0.003152        0.000000
       423.000000       -0.003135        0.000000
       424.000000       -0.003122        0.000000
       425.000000       -0.003108        0.000000
       426.000000       -0.003096        0.000000
       427.000000       -0.003081        0.000000
       428.000000       -0.003066        0.000000
       429.000000       -0.003061        0.000000
       430.000000       -0.003051        0.000000
       431.000000       -0.003046        0.000000
       432.000000       -0.003032        0.000000
       433.000000       -0.003023        0.000000
       434.000000       -0.003006        0.000000
       435.000000       -0.002992        0.000000
       436.000000       -0.002988        0.000000
       437.000000       -0.002984        0.000000
       438.000000       -0.002977        0.000000
       439.000000       -0.002969        0.000000
       440.000000       -0.002944        0.000000
       441.000000       -0.002923        0.000000
       442.000000       -0.002909        0.000000
       443.000000       -0.002903        0.000000
       444.000000       -0.002895        0.000000
       445.000000       -0.002878        0.000000
       446.000000       -0.002863        0.000000
       447.000000       -0.002856        0.000000
       448.000000       -0.002834        0.000000
       449.000000       -0.002830        0.000000
       450.000000       -0.002819        0.000000
       451.000000       -0.002800        0.000000
       452.000000       -0.002787        0.000000
       453.000000       -0.002780        0.000000
       454.000000       -0.002775        0.000000
       455.000000       -0.002769        0.000000
       456.000000       -0.002743        0.000000
       457.000000       -0.002734        0.000000
       458.000000       -0.002731        0.000000
       459.000000       -0.002724        0.000000
       460.000000       -0.002712        0.000000
       461.000000       -0.002700        0.000000
       462.000000       -0.002698        0.000000
       463.000000       -0.002683        0.000000
       464.000000       -0.002674        0.000000
       465.000000       -0.002662        0.000000
       466.000000       -0.002660        0.000000
       467.000000       -0.002649        0.000000
       468.000000       -0.002642        0.000000
       469.000000       -0.002635        0.000000
       470.000000       -0.002631        0.000000
       471.000000       -0.002622        0.000000
       472.000000       -0.002608        0.000000
       473.000000       -0.002601        0.000000
       474.000000       -0.002594        0.000000
       475.000000       -0.002580        0.000000
       476.000000       -0.002555        0.000000
       477.000000       -0.002548        0.000000
       478.000000       -0.002535        0.000000
       479.000000       -0.002527        0.000000
       480.000000       -0.002516        0.000000
       481.000000       -0.002506        0.000000
       482.000000       -0.002485        0.000000
       483.000000       -0.002480        0.000000
       484.000000       -0.002471        0.000000
       485.000000       -0.002462        0.000000
       486.000000       -0.002456        0.000000
       487.000000       -0.002449        0.000000
       488.000000       -0.002431        0.000000
       489.000000       -0.002424        0.000000
       490.000000       -0.002407        0.000000
       491.000000       -0.002402        0.000000
       492.000000       -0.002394        0.000000
       493.000000       -0.002380        0.000000
       494.000000       -0.002378        0.000000
       495.000000       -0.002372        0.000000
       496.000000       -0.002348        0.000000
       497.000000       -0.002342        0.000000
       498.000000       -0.002337        0.000000
       499.000000       -0.002317        0.000000
       500.000000       -0.002312        0.000000
